110011010101
010010111100
111010100110
010111101001
010101110010
010000100001
101100011000
011000000010
001010111110
010110000000
111111000110
111001100001
100101100101
111111010100
010000010110
101111100001
000010001001
110110011101
000011100011
100010100011
101001111100
110000101111
101100100010
101001101000
100101011011
111110111001
110100111010
001101101101
110100111100
110100111100
101001000011
010001011100
010100101111
010001001011
011100001111
110001111101
010010101001
000100110011
110010011000
001101101011
000100010010
111010010111
111111101110
011010000000
110000100000
010100011010
100101101101
011001000110
000001010010
010101110001
101111111010
110111100011
011100101100
000001000101
110100100010
001111110100
010000100010
000001111110
100001100111
001010001100
010001011000
010110000101
111001100100
010011100100
101111010111
101001001011
001000000111
010000111001
000101111000
011001000010
000110000111
110010110111
001101111000
000111100111
011111011110
010110001011
001010100001
010110000101
100101001110
000000010100
101110111001
010110100001
001100111110
010111101110
101011010010
111101011111
001100111111
001001111011
110011001111
011011000101
100011010100
010111000111
011010111110
110010001011
001100001001
100011001101
101111101011
101000001100
011101010010
110110011111
100100000110
100010111011
100000110001
100110110011
110000010011
100100010000
101000110110
000000001100
010000010000
110001001100
011000101100
101111101000
111011001101
100110101010
100101010001
000110101001
000011110100
011001100011
010010111000
111110001010
111111101000
001100100110
111101011011
001010100100
001011110001
100111111000
001001000001
000000111010
010101010100
111011010001
001001110110
010110100010
011111111110
101001010011
111000100101
111010100100
100101010011
110000111110
101111011001
000011000101
111111110010
110101100111
101001000111
000000111000
111010001100
110000101011
011100100100
110000001000
001001100001
101010101001
100100000100
011001010110
111100100110
111011110101
100000000110
000101100011
111010100100
101101011110
111110010100
011010111000
101001000010
110111100110
100100110000
010101111100
110001000110
010111110101
000011111111
000100110011
000111001011
011100000111
000001000010
111100111110
100100111000
000100011110
110101000101
011101000001
001011111000
001011100000
010110111111
100001010000
010101100010
010010000100
110000111011
101000001011
010010001100
100111101100
011010100100
100100110001
101100100110
001101001010
001001000101
010001001110
100011000001
011100110010
111000001001
100100001010
000011000111
000101100110
010111101010
101000110010
010101101111
011000000000
100100010010
001011010101
000100110001
110101111111
000101010000
111011111001
001011110110
001100110001
101101111010
010100010001
001101010001
010101100110
111111111010
101101100010
000010001010
011101011010
001011100101
001110111110
100001100101
111001110010
110011010011
100101100010
101101000000
101100000100
000101101111
001111110000
110111001100
111110010001
011101011010
100001101000
110110101001
101110111000
011000011111
100000111110
100110011011
010101001001
110000010110
001011111100
011100111100
000110100100
100001000111
011111001101
111100000000
111010000101
110101100110
100001000010
011011101010
110101100001
001000011100
010011101001
000000011001
100100010011
111111000000
111100111100
101101000111
110100000111
001101110000
011011010001
101110001000
111111000001
011010110000
001110000010
000001011101
001100010111
111010110000
001100011111
001100111001
100111001111
011001000111
011000110001
110000110111
100001111100
001100000010
111100100001
000111101011
100001000000
100101001000
101001101101
101010110011
010000111011
111100011010
001100110110
111001011010
100110111000
110101111010
001011101011
110100111001
101111001001
100001000011
100011000111
110110010101
111001110011
101000000111
101111000101
100101111000
111000001110
111010011001
001000001010
001100001100
000100011001
011100101000
011110010100
111011001101
110100000101
001111101001
000001100101
100111010011
101111001100
111101001000
001111100110
100010110011
010100101100
000010000101
010111010011
110111001010
101100011011
000001111001
001011100000
001000001001
000101110110
011010011100
010111010101
010000111100
010001011011
101111010001
010110000000
110100011011
110100010110
101010100000
000000010000
001111101010
100001011000
000011000000
110001111000
001001100101
000101100101
111000011100
011111010111
000000101110
100000000000
011101101110
011011010000
001001111011
000001101010
011000011001
110100011110
010101101110
111001010011
001001101111
110011110110
011100101101
001011100001
110110000111
111001001111
011111001101
011010011000
001011101101
000101110110
000110001101
000100100011
001000100001
101101110110
110010000001
001010100111
001100101111
010100111101
011110100101
110011111110
101010000000
101111000100
101100001111
000111011010
001011101111
001111010010
101001011010
001011111011
010010011001
111101000011
111001111111
101101100001
100010000101
101001100111
011100111101
110111111000
001101110111
100111111010
011100000011
010000111001
100000010101
001100010000
011100000010
001101010011
000100100111
101011011100
100001100111
101000101100
110101100110
111110100100
000001100100
101010011111
000111000000
011000010010
110111100011
100000001011
111110000101
110101001000
011001110011
110101100100
001000001100
001101100011
110010110001
110110111101
100011100111
101001100010
001000110011
100110000010
111000101011
100010001111
110001010001
001110010010
111000011100
010101111011
111100101110
111000001000
111110101100
101011110000
100111011010
011110000101
011101110010
100111110100
110100100001
001000000111
010011011001
110100110000
010110110001
111101110111
010111101111
010010001111
010010101000
111100011100
110110010011
111001110100
100100111000
100001010110
111111100000
100000101011
001100111010
001111111001
011010101110
000111011110
011110010010
100101011011
010010001000
101000011010
100001000101
110010101100
110000001000
011111010001
001100101100
000010110100
011101111101
100010110100
100111000001
111000010001
010010100101
100101110110
100111111000
111001000011
000111001101
110011000111
101001111100
001001001101
001111110001
100110000111
101010101110
100110000110
010100101000
001101101001
100101000011
010111011101
001011000000
001110000011
000011001111
010100110000
101001001111
111100110010
011000101000
111010001110
111000000110
111000100011
011110010100
101000100110
101001110011
011011101000
000001000001
101100100011
011101110111
000101010101
001100011100
000101000010
011110010000
110010101000
100110110110
101111101011
000111110111
100000001111
101000100100
010101010110
010101100010
011110010111
100110011001
010000100111
010111000111
011101001111
000010001010
111110101011
011101100000
011110000011
000111100011
110101110010
101110101001
110000000001
010000000111
000000110001
010010111111
101100001001
100011111000
011111111101
111001111110
010101111000
011100111000
000101011101
001101000010
000111001000
111011111010
011101100101
010001110000
000010100101
111101100010
000110000111
100101111001
000011101011
110001111111
001100100010
110111110010
110001010011
011011111000
110100000111
010011100011
110000100001
001010111101
011000000000
100101100110
101010101101
000101100001
100010000101
010011100111
100100100111
001111011010
100001001000
000101110001
110001110100
001001100010
101000011001
000010100101
101101100100
101011010001
101101001000
100010110101
010101111100
101100000110
110110001011
010010100100
110101100010
111001111101
101010110101
001010000110
111101000101
001110000000
100111110011
101011111001
000001001000
111010111010
011010011010
111100011111
001011001100
011101000000
001110111100
011100101000
100010000111
010000110001
010001010010
110100001001
111011011011
100110000110
111011101010
000101000001
111101110001
000100001110
100110110010
100001000010
110101110110
101110110000
011010101000
101100010100
001111001001
101001111111
100011011110
011000100101
110111111011
110001010000
110111100010
011011101010
000101101110
100111101010
000011000110
011000001111
100111111011
010010010011
001011001011
000100111011
110001000110
010100010001
110110101111
010000100011
010100000001
000011110100
001110110011
011000101110
101010111010
110101000110
011000001100
110010111000
101110100110
011000001100
000010010100
000101010010
101010101101
100010100000
110010111001
101101101000
111101010011
001111101010
011000110000
101101101111
101101101001
110001001110
100011010001
001010111000
011111100110
101101010101
001000001101
101001101001
100001011011
111011111000
010011001111
011100100000
011011110111
110001111011
100011110111
110101101001
100001000100
001000100100
101100011110
000101001100
000101100110
010001101000
100101000100
011011111101
011010110000
001010011000
100100000010
101001011000
001010011011
000101010101
010111000101
110001010101
100110011011
111011110010
011001100011
010101111101
110000000000
101011100001
010010111100
110000110100
001110110010
100110111111
111011101011
000010000001
001110001111
110010101001
010111101011
110110011111
001110000001
110110101011
111010011101
010101011011
010111101111
000001001001
101011001101
110000001000
101011011010
010101000001
101100011110
101100011110
111100111100
111000010010
001110101010
111111000101
010000010111
100111011001
111000100100
010011110001
011110110111
011000110011
010000101101
111010001100
000001000000
110000011111
110111111001
011000110010
111001000000
100100110010
110101100011
101010010100
111010110000
011111000011
001010110001
001001000100
110000000000
100101101100
100001100001
011011100011
000100000010
101001111011
001000100001
000011101011
010111110101
100001111110
110100110100
011110101000
110001011011
000011110000
000100001100
101010101010
010010000101
010110011001
111111110000
001010000100
100000100100
000111010100
100011000101
101101001110
101010000001
100001101000
110110011001
001101010011
100011000101
101010100111
111010001011
110010001111
101100011010
011111010011
111101011000
010111100101
100001100010
000001000011
110101111101
101001011110
000101111001
000101100011
010000010100
100011000100
010010110011
111000110011
111000110011
001101010011
110110100010
111110000000
010100101111
000011001111
111000000011
001001100001
010011101010
011111110011
010010000110
010111110101
011100010001
100110011001
111111111100
101111110010
101101100100
001010011011
001101110000
111000101111
110000101011
101100101111
010111011010
001010101101
001100101010
110100001111
011010011110
000001011010
011100100001
000110100000
001100000010
001110001010
010110111011
110011100010
110110101101
100100000000
111010011101
000100010110
101000011010
001000110111
101110101000
110000011101
110011011011
011000011001
110001000110
010010010001
001001000010
001110010011
100100000101
101100000000
000001000110
001101100000
011110111100
010010101011
001100000100
000100111100
111011101111
110101011111
011011000011
100001101110
111010100010
111111011000
011011000101
010111100110
100101011000
001100100010
011101010000
100110011111
010010011111
011100111110
011110100000
111011011110
010001001011
010000011001
110110100011
111111011000
011111111111
101000111111
000000110100
110011100111
111011111001
000001101010
000010001001
010110111010
101000101111
101000101011
010000111011
100001111011
111111110110
111001110111
101000100010
110001011010
101100111010
100000101110
100000101100
011001001001
111000010111
111011000010
011001000100
111001110010
001100110111
011100111011
110100000100
000000111100
001011011010
100101010110
111010101111
110101011110
101010111100
100011001101
000000011100
110000100011
011111101111
010110001110
011011011101
000011010011
101110110101
100111110110
010011101010
100010101010
000110100101
110010101010
001111010100
000011000000
110110110111
000100010101
111101110111
001101000001
110101001101
111011011100
000010011001
000110010011
010100000110
100100111010
111111010100
100100110011
110111000010
100101001001
101100110101
101011111110
110001010001
100111111000
111100010010
101111111110
110101101010
011110010101
101000101101
001000110100
001000100010
101110000011
111101000100
100000001111
000101011010
100000110111
101111101010
000001101111
111001011100
100011000100
011000000000
001011111010
001011001101
111011010011
001101000100
100001111000
111111110010
010110110110
110101001010
000111010110
101110110000
111101110011
111011011101
100010101100
100000010101
111100110010
001111101011
100100101101
110111011010
100011100000
000000010011
011110010111
001010110000
011010111100
101011010100
001010111000
100100100000
001011100001
011001001001
101110011110
101100110000
100011101111
110100111010
001111000001
111001100111
001001000110
001111101000
000100001100
010001110011
101011011000
010110001111
000110111100
101000101110
001110111110
000100010000
011110000010
100110001100
100100000011
011001010001
110001001111
110110000010
010011101100
101111111000
010100000001
000111000111
111010011011
111101010011
111100010110
100010100011
111100110011
010110100100
001011100110
011010010110
110111110110
110001100100
010010101010
111001111000
001000100011
011111010000
010000001100
010111001011
101101001111
100010110001
000000000100
111010110100
010100010101
100000011001
110110001010
101000111000
001000101010
000011110010
000010011101
010100110010
100011011000
011000110101
010010110001
111000111001
101001100101
001111111011
011010001000
111111111111
101010101011
110011100000
001110011010
111000110010
010001100101
000100000110
010110101101
010110100111
011110101001
111100100001
010111010001
010000000110
010000001011
011011101111
000011010101
000000010110
110111011000
101100011001
110110100001
110010011000
100110111111
010000101000
010100000101
011001100011
000100000010
010010100011
001011011000
111011100001
111100110011
000101101101
000001111011
110101111110
001001100010
111101101101
111111001001
110000011101
001001110100
100101010010
101011001110
111010010111
101101010111
110101100011
011010100000
011111011011
001110001110
111100011100
110110000101
101101110101
101010000101
100000011110
110010001011
001000110101
011000010111
110110110111
110010100100
101001000101
001010110101
011100010101
011100100100
010001001010
100111111110
100010110000
100111011011
110110011100
100111100010
110011010000
100100000101
101000110110
000011111111
011100111001
110010101000
111010010101
010111000111
110110010100
000100110000
001010000111
100101001110
100110111011
001010001010
111110000101
010111000110
110011100100
000101100011
101111101110
111110110100
111001110001
011100001100
101100011110
101010101011
010011101101
011001111001
111111100011
110110110100
000010110110
001011111100
111000111100
010000011110
011100010110
011110000010
000011100100
100111101110
011000001101
111100100001
011100011100
110110111101
100110110110
000110000111
001010010111
011011000101
000111111111
010011011111
111001100010
111011110001
101000111010
000010000110
011110101011
100100011010
010111100101
101000000001
010001000101
000011011111
001010001011
001110010001
000100000101
001110101000
010110111000
101101110000
000111011100
110011000010
111100000001
101001001011
100011000101
101010010111
000110011111
110001011110
001000101110
100011110010
011111101101
100000010011
011111110101
010010011011
000101011100
110100100100
000100001111
000010001100
000011010010
011100000101
011110010001
001000111010
101010110011
111110111011
001101100110
001001011101
101011010101
110110101101
000011001010
000001110101
100010000000
110001000011
111100100100
111011101110
100101100101
101001110001
010001101000
100000001101
111110011001
101111001111
011010011101
000111010000
110000101100
101110011100
011010010001
101101001110
101001001100
111011111110
101101001100
011010101101
011011001011
111011101111
010000010101
001111111100
000100111000
110011010000
111101001001
010101100111
110101100000
100101100010
001110011000
011110110100
110011000111
101100010011
000010111100
010011001110
000100000110
110010011011
010000001001
111001010011
001010001110
001011101001
101111011010
101011110011
000110110010
110101100101
100000001101
011011000001
001001000010
111101000100
110110011101
101010111011
111000000100
100001101001
101000000110
101111001010
011110000101
110001100000
110100010001
010111100000
001101101101
001111101001
111010110000
000111100101
101100100100
011110100001
001011010011
000001100001
011011000101
000000001000
010100011111
101100110111
110110010001
110000100100
101010101111
110100010001
011100100100
001001110111
110100101100
110010001100
101100011100
011011100001
011101101101
100011011101
111110110001
111001110100
100010100000
111011011010
110100111100
010001010011
010010011101
111000110001
001010001110
000000010000
101010110011
100100110101
101100101110
101111001101
011010101111
110001001011
010111000101
001111101100
101111101001
100100111000
110110111111
000101000010
000101111000
111111101111
101011011010
110100011001
101110110110
101100100111
000111001010
110011010000
100100001000
001100111001
000101110011
011111101101
001000100100
101011100011
100000001100
001110111101
001001000110
110111000000
010100000010
100000111110
010000010011
011001000111
000010101011
010000010001
100010111110
100001010000
110001000111
000111000101
110000111101
111000100111
000000100111
111100001111
100001100100
100010111000
010101011011
001111111001
001001111001
000111101011
011010100110
001011111100
100100111101
111101011100
010101000011
010001110110
010000000110
001111100000
000001001111
001011000001
000100110001
100110101001
000101100100
101000100001
100100000111
011001000011
111000111000
010001110010
010111110101
100101101011
110001111111
010101100000
000001110111
000011001100
011101111100
001111011001
110100100111
011000010110
000111100110
110101010000
011100100011
000000000001
111110001100
110100010010
100000011101
011000001101
000101001011
110100011001
110001000000
000000110000
100111001100
001110000000
000110100010
000100010011
101010100001
110110010111
100010111000
011101101111
001101101111
100110011101
101110010001
100000110001
101100010001
000100101110
100100101110
000011101010
111111111000
100000100010
001110010011
010111010111
010011010011
001100000011
000101011101
111001101110
011100000100
011001110110
111001000101
110001000101
101100001001
101001000010
111010110011
100101110110
011100010111
011101001111
110001100110
110001011100
111010000000
101110110010
110111011000
101000000111
100110000011
000001001101
011011001011
111101010010
111101010101
100100110000
100101100111
001100111011
011010001110
010010011010
100100011011
011000110010
011111011111
101101010010
000010000100
010100100011
001110011011
110010000000
100110000100
111110011100
111110100101
001010110010
001000011010
110001010011
100111010011
110100101001
111011100000
110010111001
001001100000
011101101100
010010111001
100101101110
110101101100
100101111111
111001010011
011010000110
111001011111
010100010001
011101001011
101100011110
010011101100
000101010010
011011000110
011001000011
011110100010
010110000010
101111110011
101000010011
111110101011
011001101010
101001101110
100000001111
010100100101
101101110001
011100010111
010011010000
010111011000
100110010000
101110010000
111100010100
100101010101
100111010111
010001111110
110110100111
011100000101
110101110001
000100101111
000010001010
110111000111
011100100111
100011100100
101011001011
001110000010
000011010101
010110001011
001010000010
110101100100
010100000011
010001111011
010100011100
010011000001
100001011010
011110101001
101010110100
110110000110
100100110101
101110110100
010010011111
111101111111
010011000011
001000100001
111110010000
100010111001
000011101100
010101100101
000001100101
011100100001
001110000110
010100010001
011010000101
001101001100
111001101011
111011010010
110011001100
110011110110
000011011000
101100000100
000010100011
100110000011
110001100001
100111010100
000000110001
011101110011
001110100111
001001000001
100100111101
110011110001
110000011110
101000100001
101001010111
101001111101
001001100110
000101111111
010000100110
110001000000
111100001011
010111111000
100011111000
110101000011
100010100111
111101111011
101001101101
111011111010
011010110000
011011000100
111100000110
100100000011
000101000011
100100001001
001100101001
001000100011
000100011100
110000000011
100111110110
101000011101
011001001110
001010111101
101110111010
000011110101
111110111100
011100010110
011001100110
100100100101
100001111110
110101000101
011001001011
101000011001
100101110111
010101010100
101011010111
100000100011
101000100110
111100100101
000100001001
101111110001
001010000011
111001001010
110001101000
