0 8
1 10
2 9
3 6
4 12
5 22
6 12
7 5
8 8
9 10
10 10
11 12
12 5
13 7
14 12
15 15
16 11
17 5
18 12
19 5
20 10
21 10
22 13
23 42
24 4
25 14
26 7
27 18
28 8
29 3
30 12
31 19
32 18
33 7
34 12
35 5
36 12
37 11
38 6
39 14
40 19
41 15
42 10
43 19
44 28
45 12
46 38
47 5
48 17
49 17
50 8
51 19
52 13
53 9
54 18
55 20
56 9
57 7
58 12
59 16
60 14
61 28
62 20
63 18
64 16
65 11
66 7
67 9
68 8
69 12
70 15
71 24
72 2
73 6
74 8
75 2
76 12
77 21
78 32
79 18
80 15
81 12
82 15
83 8
84 9
85 13
86 24
87 3
88 10
89 16
90 30
91 11
92 14
93 26
94 18
95 13
96 11
97 6
98 13
99 4
100 19
101 17
102 25
103 11
104 12
105 14
106 16
107 19
108 7
109 18
110 40
111 10
112 30
113 12
114 31
115 24
116 18
117 9
118 20
119 13
120 14
121 27
122 27
123 12
124 30
125 33
