0.954434
1.000000
0.543564
1.000000
0.954434
0.811278
0.954434
0.543564
1.000000
0.721928
0.970951
1.000000
0.721928
0.970951
0.881291
0.881291
0.970951
0.991076
0.991076
0.991076
0.991076
0.764205
0.991076
0.918296
0.918296
1.000000
0.918296
0.650022
0.918296
1.000000
1.000000
1.000000
0.979869
0.918296
0.979869
0.979869
0.979869
0.811278
1.000000
0.979869
0.811278
0.918296
0.976021
1.000000
0.976021
0.976021
0.902393
1.000000
0.994030
0.994030
0.945660
0.979869
0.979869
0.979869
1.000000
0.918296
1.000000
0.721928
0.000000
0.721928
0.721928
0.954434
1.000000
0.543564
0.954434
0.543564
0.811278
0.811278
0.954434
1.000000
0.811278
0.970951
1.000000
0.881291
0.881291
0.970951
1.000000
1.000000
0.970951
0.881291
0.881291
0.970951
0.721928
1.000000
1.000000
0.970951
0.881291
0.979869
0.979869
0.979869
0.979869
0.979869
0.979869
0.918296
1.000000
1.000000
1.000000
0.811278
0.970951
0.721928
0.970951
0.863121
0.863121
0.985228
0.591673
0.985228
0.863121
0.863121
0.979869
1.000000
0.811278
0.979869
1.000000
1.000000
0.970951
0.970951
0.918296
0.996792
0.836641
0.918296
0.970951
0.996792
0.994030
0.845351
0.994030
0.945660
0.994030
0.994030
0.945660
0.970951
0.970951
0.000000
0.970951
0.721928
0.000000
0.000000
0.970951
0.721928
0.721928
0.970951
0.970951
0.918296
0.811278
1.000000
1.000000
0.979869
0.979869
0.979869
0.811278
0.721928
0.721928
0.970951
0.970951
0.970951
0.970951
0.000000
0.000000
0.000000
0.970951
0.970951
1.000000
0.970951
0.970951
0.881291
0.970951
0.881291
0.721928
0.881291
0.881291
0.881291
0.881291
0.721928
0.995727
0.961237
0.961237
0.961237
0.961237
0.995727
0.985228
0.993447
0.993447
0.998364
0.985228
0.998364
0.811278
0.000000
0.811278
1.000000
0.811278
0.811278
0.000000
0.811278
0.863121
0.863121
0.940286
0.371232
0.985228
0.749595
0.940286
0.985228
0.863121
0.985228
0.749595
1.000000
0.749595
0.863121
0.985228
0.863121
0.985228
0.863121
0.985228
1.378783
0.852405
0.918296
0.991076
0.991076
0.964079
0.954434
0.954434
0.811278
0.954434
0.954434
1.000000
0.954434
0.954434
0.918296
0.918296
0.000000
0.918296
0.918296
0.000000
0.918296
0.918296
0.918296
0.918296
0.918296
0.918296
0.918296
1.280672
0.918296
0.979869
0.979869
0.998001
0.981941
0.998001
0.981941
0.981941
0.949452
0.899744
0.981941
0.998001
1.000000
0.852405
0.918296
0.964079
0.852405
0.964079
0.964079
0.985228
0.863121
0.985228
0.985228
0.863121
1.000000
0.918296
0.979869
0.918296
0.650022
0.979869
0.979869
0.918296
0.721928
0.721928
0.721928
0.970951
0.970951
0.721928
0.970951
0.970951
0.721928
0.721928
0.970951
0.721928
0.918296
0.979869
1.000000
0.918296
0.979869
0.979869
1.000000
0.918296
0.918296
0.994030
0.994030
0.994030
0.918296
0.918296
0.918296
0.918296
0.650022
0.918296
1.000000
0.650022
1.000000
0.985228
0.749595
0.940286
0.985228
0.985228
0.985228
0.831474
0.831474
0.981941
0.998001
0.998001
0.899744
0.996792
0.918296
0.721928
0.996792
0.836641
0.996792
0.721928
0.970951
0.970951
1.000000
1.000000
0.742488
0.981941
0.831474
0.949452
0.981941
0.998001
0.949452
0.985228
0.985228
0.985228
0.918296
0.918296
0.918296
1.000000
0.811278
0.650022
1.000000
0.967788
0.998001
0.991992
0.981941
0.949452
0.981941
0.721928
0.970951
0.970951
0.721928
0.970951
0.970951
0.970951
0.721928
0.970951
0.721928
0.977418
0.787127
0.936667
0.936667
0.977418
0.997503
0.977418
0.936667
0.977418
0.977418
0.977418
1.000000
0.954434
0.811278
1.000000
1.000000
0.998001
0.949452
0.998001
0.899744
0.981941
0.831474
0.890492
0.995727
0.961237
0.961237
0.961237
0.995727
0.779350
0.995727
0.961237
0.995727
0.991076
0.991076
0.991076
0.991076
0.918296
0.991076
0.918296
0.964079
0.992774
0.934068
0.934068
0.970951
0.970951
0.992774
0.934068
0.992774
0.991076
0.764205
0.764205
0.991076
0.764205
0.764205
0.764205
0.918296
0.918296
0.991076
0.991076
0.918296
0.985228
0.985228
0.863121
0.985228
0.985228
0.863121
0.985228
0.591673
0.591673
0.985228
0.863121
0.985228
0.918296
0.918296
0.918296
0.918296
0.413817
0.918296
0.979869
0.918296
0.979869
0.988699
0.954434
0.954434
0.896038
0.954434
0.985228
0.940286
0.749595
1.000000
1.000000
1.000000
1.000000
0.940286
0.966619
0.996317
0.996317
0.985228
0.966619
1.000000
0.905928
0.985228
1.000000
0.970951
0.970951
0.992774
0.970951
0.992774
0.811278
0.992774
1.000000
0.992774
0.991076
0.964079
0.852405
1.000000
0.852405
0.991076
0.964079
0.954434
0.896038
0.988699
0.896038
0.811278
0.896038
0.988699
0.945660
0.945660
0.945660
0.945660
0.945660
0.945660
0.945660
0.994030
0.985228
0.591673
0.985228
0.985228
0.863121
0.863121
0.985228
0.985228
0.764205
0.991076
0.764205
0.991076
0.811278
0.954434
0.811278
1.000000
0.811278
0.954434
0.954434
0.811278
1.000000
1.000000
0.979869
0.979869
1.000000
0.811278
0.918296
1.000000
0.970951
0.996792
0.996792
0.970951
0.836641
1.272906
0.996792
0.954434
0.870864
1.000000
0.954434
1.000000
0.994985
0.954434
0.000000
1.000000
1.000000
0.000000
0.000000
1.000000
0.650022
0.918296
1.000000
1.000000
1.000000
0.918296
1.000000
1.000000
0.918296
0.954434
0.954434
0.811278
0.811278
0.543564
0.811278
1.000000
0.954434
1.000000
0.000000
0.000000
0.000000
0.000000
1.000000
1.000000
0.000000
0.000000
0.000000
0.000000
1.000000
0.979869
0.918296
0.979869
1.000000
0.985228
0.985228
0.958712
0.958712
0.998364
0.985228
0.997180
0.928362
1.000000
0.964079
1.000000
0.964079
0.852405
0.991076
0.964079
0.918296
0.996792
0.721928
0.970951
0.970951
0.996792
0.996792
0.918296
0.970951
0.979869
1.000000
0.979869
1.000000
0.970951
0.721928
0.996792
0.918296
0.996792
0.996792
0.811278
0.811278
0.954434
0.954434
0.954434
0.918296
0.991076
0.764205
0.991076
0.918296
0.991076
1.140116
0.961237
0.995727
0.890492
0.961237
0.961237
0.890492
0.890492
0.961237
0.994985
0.994985
0.954434
0.918296
0.994985
1.000000
0.994985
0.979869
0.918296
0.918296
0.000000
0.918296
0.918296
0.918296
0.918296
0.000000
0.918296
0.918296
0.970951
0.468996
0.970951
0.881291
1.000000
0.970951
0.881291
0.468996
0.970951
0.970951
0.881291
0.988699
1.000000
0.811278
0.954434
0.988699
0.988699
1.000000
0.988699
0.996792
0.987138
0.836641
0.987138
0.996792
0.994030
0.845351
0.994030
0.994030
0.945660
0.863121
0.863121
1.000000
0.749595
0.985228
0.985228
0.985228
1.000000
0.995727
0.982859
1.000000
0.930586
0.930586
0.964079
0.764205
0.964079
0.964079
0.503258
0.918296
0.890492
0.961237
0.995727
0.961237
0.995727
0.995727
0.994030
0.945660
0.945660
0.994030
0.945660
0.845351
0.918296
0.650022
1.000000
1.000000
0.918296
1.000000
1.000000
1.000000
0.961237
0.890492
0.961237
0.995727
0.995727
0.811278
0.000000
1.000000
0.811278
0.811278
0.811278
1.000000
0.981941
0.981941
0.936667
0.977418
0.977418
0.873981
0.873981
0.997503
0.997503
0.942683
0.970951
0.970951
0.970951
0.970951
0.904381
0.989588
0.989588
0.942683
0.942683
0.994030
0.994030
0.845351
0.945660
0.994030
0.650022
0.918296
0.979869
1.000000
0.979869
0.918296
0.985228
0.985228
0.940286
1.000000
0.863121
0.940286
0.940286
0.985228
0.985228
0.863121
1.000000
0.954434
1.000000
0.988699
0.954434
1.000000
1.000000
0.988699
0.998001
0.949452
0.831474
0.949452
0.998001
0.899744
0.998001
0.949452
0.949452
0.899744
0.949452
0.998001
0.985228
0.591673
0.591673
0.985228
0.985228
0.985228
0.985228
0.863121
0.918296
0.852405
0.918296
1.000000
0.991076
0.964079
0.852405
0.964079
0.991076
0.991076
0.991076
0.918296
1.000000
0.992774
0.992774
0.998196
0.881291
0.881291
0.970951
0.970951
0.970951
0.881291
1.000000
0.721928
0.918296
0.996792
0.881291
0.987138
0.918296
0.948078
0.987138
0.948078
0.979869
0.979869
0.811278
0.650022
0.918296
1.000000
0.979869
0.979869
1.000000
0.811278
0.918296
0.979869
0.999249
0.907166
0.981152
0.981152
0.999249
0.999249
0.962900
0.999249
0.999249
0.954434
0.994985
0.954434
0.954434
0.994985
0.994985
1.000000
1.000000
1.000000
0.994985
0.918296
0.918296
0.991076
0.964079
0.852405
0.991076
0.764205
0.991076
0.991076
0.991076
0.764205
0.918296
0.918296
0.991076
0.970951
0.992774
0.995727
0.995727
0.779350
0.890492
1.295738
0.961237
0.995727
0.940286
0.749595
0.749595
0.371232
1.000000
0.985228
1.000000
0.985228
0.940286
0.991076
0.991076
0.950956
0.991076
0.975119
0.918296
0.918296
0.950956
0.999010
0.979869
0.918296
0.918296
1.280672
1.000000
0.979869
0.650022
0.979869
1.000000
1.000000
0.996792
0.948078
0.996792
0.996792
0.967295
0.983376
0.999338
0.999338
0.967295
0.884964
0.994030
