0.954434
0.811278
1.000000
0.954434
0.811278
0.811278
0.811278
1.000000
0.970951
0.881291
0.881291
0.881291
0.970951
0.970951
0.918296
0.991076
0.918296
0.991076
0.918296
1.000000
1.000000
0.918296
0.918296
0.000000
1.000000
1.000000
0.918296
0.918296
1.000000
0.979869
0.976021
0.994030
0.994030
0.976021
0.994030
0.976021
0.845351
1.000000
0.979869
0.979869
1.000000
1.000000
0.979869
0.979869
1.000000
0.918296
0.979869
0.970951
0.000000
0.721928
0.970951
0.000000
0.970951
0.721928
0.543564
0.954434
0.811278
0.954434
0.954434
0.954434
0.970951
1.000000
0.970951
0.881291
0.721928
0.721928
0.881291
0.881291
0.970951
1.000000
0.881291
0.881291
0.970951
1.360964
0.970951
0.970951
0.881291
0.979869
0.979869
1.000000
1.000000
0.979869
1.188722
0.970951
0.721928
0.970951
0.970951
0.721928
0.591673
0.985228
0.591673
0.985228
0.863121
0.985228
0.591673
0.979869
0.650022
1.000000
0.979869
1.000000
0.996792
0.970951
0.996792
0.970951
0.996792
0.970951
0.970951
0.996792
0.970951
0.996792
0.994030
0.945660
0.994030
0.945660
0.970951
0.970951
0.721928
0.970951
0.970951
0.000000
0.918296
1.000000
0.811278
0.979869
0.650022
0.979869
0.721928
0.721928
0.721928
0.721928
0.721928
0.721928
0.970951
0.970951
0.970951
1.000000
0.970951
0.881291
0.721928
1.000000
0.970951
0.881291
0.970951
0.881291
0.961237
0.961237
0.995727
1.000000
0.918296
0.985228
0.998364
0.985228
0.940286
0.973668
0.998364
0.940286
0.973668
0.811278
1.000000
0.000000
0.811278
0.000000
0.811278
1.000000
0.985228
0.985228
0.863121
0.863121
0.985228
0.985228
0.991076
0.964079
1.000000
0.964079
0.764205
0.852405
0.852405
0.918296
0.991076
0.964079
0.954434
0.543564
1.000000
1.298795
0.954434
0.543564
1.000000
0.811278
0.954434
0.000000
0.918296
0.000000
0.918296
0.000000
0.918296
0.918296
0.918296
0.918296
0.650022
0.979869
1.000000
0.811278
0.918296
1.000000
0.811278
0.831474
0.981941
0.899744
0.981941
0.949452
0.998001
0.981941
0.998001
0.852405
0.918296
1.000000
0.852405
1.000000
0.991076
0.991076
0.852405
0.985228
0.863121
0.863121
0.985228
0.863121
0.985228
0.985228
0.985228
0.918296
1.000000
0.918296
0.979869
1.000000
1.000000
0.918296
0.811278
0.970951
0.000000
0.721928
0.650022
0.979869
1.000000
0.979869
0.979869
0.979869
1.000000
0.650022
0.945660
0.994030
0.945660
0.918296
1.000000
0.918296
1.000000
0.918296
1.000000
0.918296
0.650022
0.918296
0.940286
0.940286
0.863121
0.940286
0.985228
0.985228
0.998001
0.899744
0.949452
0.831474
0.949452
0.998001
0.899744
0.981941
0.981941
0.949452
0.981941
0.998001
0.996792
0.721928
0.996792
0.996792
0.970951
0.918296
0.996792
0.918296
0.836641
0.881291
0.970951
0.970951
0.881291
0.970951
0.970951
1.000000
0.998001
0.899744
0.981941
0.998001
0.949452
0.905928
0.966619
0.985228
0.985228
0.996317
0.966619
1.000000
0.979869
0.918296
0.979869
0.979869
1.000000
0.918296
1.280672
1.000000
0.981941
0.991992
0.998001
0.991992
0.967788
0.981941
0.991992
0.949452
0.721928
0.970951
0.970951
0.970951
0.721928
0.721928
0.000000
0.977418
0.873981
0.997503
0.977418
0.977418
0.977418
0.873981
0.977418
0.977418
0.997503
0.936667
0.873981
0.873981
0.997503
0.873981
0.997503
0.977418
1.000000
0.811278
0.954434
0.954434
0.981941
0.831474
0.998001
0.981941
0.981941
0.831474
0.831474
0.961237
0.779350
0.961237
0.890492
0.619382
0.995727
0.991076
0.918296
0.991076
0.991076
0.991076
0.991076
0.918296
0.964079
0.991076
0.918296
0.918296
0.991076
0.991076
1.000000
0.991076
0.918296
1.000000
1.000000
1.000000
1.000000
0.934068
0.970951
0.991076
0.991076
0.991076
0.991076
0.000000
0.991076
0.991076
0.985228
0.863121
0.985228
0.985228
0.863121
0.985228
0.863121
1.000000
0.979869
0.918296
1.000000
0.918296
0.918296
0.918296
0.896038
1.000000
0.896038
0.954434
1.000000
0.896038
0.954434
1.000000
0.954434
0.940286
0.985228
0.940286
0.940286
0.863121
0.940286
0.863121
0.985228
0.940286
0.985228
1.000000
1.177965
0.966619
0.996317
0.863121
0.940286
0.966619
0.970951
1.000000
1.000000
0.970951
0.992774
0.881291
0.881291
0.991076
1.000000
0.918296
0.991076
0.650022
1.232660
0.964079
0.988699
0.954434
0.954434
0.954434
0.954434
0.954434
0.994030
0.684038
0.945660
0.945660
0.684038
0.994030
0.994030
0.945660
0.845351
0.945660
0.985228
0.863121
0.985228
0.591673
0.985228
0.985228
0.985228
0.863121
0.863121
0.918296
0.918296
0.764205
0.918296
0.991076
0.764205
0.991076
0.543564
1.000000
0.954434
0.811278
1.000000
0.811278
0.954434
1.000000
0.979869
0.918296
0.811278
0.918296
0.979869
0.979869
0.979869
0.918296
1.272906
0.970951
0.970951
0.996792
0.970951
1.000000
0.994985
0.954434
0.979869
0.994985
0.994985
0.994985
0.994985
0.870864
0.994985
0.954434
1.000000
1.000000
1.000000
1.000000
0.000000
1.000000
1.000000
1.000000
0.000000
1.000000
0.650022
0.000000
0.918296
0.918296
0.650022
0.650022
0.918296
0.918296
0.918296
0.918296
1.061278
0.811278
0.811278
1.000000
1.000000
0.811278
0.811278
0.811278
1.000000
0.954434
0.954434
0.954434
1.000000
1.000000
0.000000
0.000000
1.000000
1.000000
1.000000
0.000000
0.979869
1.000000
1.000000
0.918296
0.918296
0.979869
0.979869
0.998364
1.200910
0.998364
0.998364
0.958712
0.998364
0.998364
0.997180
0.997180
0.997180
0.857148
0.997180
0.896038
1.168645
0.997180
1.000000
1.000000
0.991076
1.000000
0.918296
0.991076
0.996792
0.996792
0.918296
0.918296
0.996792
0.996792
0.918296
0.918296
0.918296
0.918296
0.918296
0.918296
1.000000
1.000000
0.979869
0.566510
0.996792
0.918296
0.918296
0.970951
0.970951
0.811278
1.000000
1.000000
0.954434
0.954434
0.954434
1.000000
0.991076
0.991076
0.991076
0.991076
0.918296
0.991076
0.764205
0.991076
0.995727
0.961237
0.995727
0.619382
0.995727
0.961237
0.890492
1.000000
1.000000
0.994985
1.000000
0.979869
0.918296
0.954434
0.918296
0.918296
0.918296
0.000000
0.918296
0.918296
1.000000
0.721928
0.970951
0.970951
0.988699
0.954434
0.988699
0.988699
1.000000
0.954434
0.987138
0.987138
1.170033
1.000000
0.918296
0.970951
0.987138
0.994030
0.994030
0.945660
0.994030
0.845351
0.945660
0.945660
0.994030
0.994030
0.940286
1.000000
1.000000
0.749595
0.863121
1.000000
0.985228
0.890492
0.961237
0.982859
0.840359
0.982859
0.982859
0.995727
0.961237
0.930586
0.961237
0.964079
0.991076
0.964079
0.964079
0.991076
0.995727
0.995727
0.961237
0.995727
0.995727
0.961237
0.779350
0.779350
0.961237
0.945660
0.994030
0.945660
0.945660
0.945660
0.945660
0.000000
1.000000
0.918296
0.918296
1.000000
0.918296
0.961237
0.995727
0.961237
0.995727
0.961237
0.961237
0.995727
0.961237
1.000000
0.811278
0.000000
0.000000
0.000000
1.000000
0.811278
0.000000
1.000000
0.998001
0.998001
0.949452
0.981941
0.899744
0.998001
0.936667
0.873981
0.997503
0.873981
0.997503
0.997503
0.936667
0.997503
0.977418
0.977418
0.989588
0.998846
0.998846
0.970951
0.989588
0.945660
0.994030
0.845351
0.945660
0.845351
0.994030
0.845351
0.994030
0.684038
0.979869
0.811278
0.811278
0.979869
0.979869
0.979869
0.940286
0.591673
0.985228
0.985228
0.985228
0.863121
1.198117
0.863121
0.954434
0.954434
1.000000
0.896038
1.000000
0.337290
0.954434
0.954434
0.896038
0.896038
1.000000
0.954434
0.981941
0.998001
0.949452
0.899744
0.981941
0.998001
0.949452
0.985228
0.863121
0.985228
0.985228
0.985228
0.985228
0.964079
0.764205
0.964079
0.852405
0.964079
0.991076
0.991076
0.991076
0.918296
1.000000
0.954434
0.992774
0.998196
0.970951
0.934068
0.970951
0.970951
0.983708
0.992774
0.881291
0.970951
0.881291
0.970951
0.881291
0.970951
0.970951
0.881291
1.000000
0.987138
0.996792
0.996792
0.970951
0.970951
0.996792
0.970951
0.948078
0.881291
0.979869
0.918296
0.650022
0.918296
0.979869
0.979869
0.811278
0.962900
0.999249
0.999249
0.938315
0.962900
0.981152
0.993234
0.993234
0.993234
0.999249
0.994985
0.870864
1.206908
0.954434
0.994985
1.000000
0.994985
0.991076
0.991076
0.918296
0.991076
0.964079
1.232660
0.964079
0.964079
0.991076
0.918296
0.991076
0.991076
0.764205
0.991076
0.918296
0.991076
0.991076
0.918296
0.991076
0.970951
0.992774
1.000000
1.000000
0.970951
0.961237
0.961237
0.890492
0.995727
0.961237
0.890492
0.779350
0.890492
0.940286
0.863121
1.000000
0.985228
0.863121
0.985228
1.000000
1.174995
0.999010
0.975119
0.999010
0.991076
0.999010
0.991076
0.950956
0.975119
0.975119
0.950956
0.950956
0.999010
0.999010
0.950956
0.918296
0.979869
0.979869
0.918296
1.000000
0.979869
0.918296
0.979869
1.170033
0.996792
1.000000
0.881291
0.987138
0.987138
0.996792
0.987138
0.987138
1.000000
0.970951
0.948078
0.881291
0.948078
0.996792
0.994030
0.994030
0.994030
0.999338
0.999338
0.999338
0.983376
