0.811278
0.811278
0.811278
0.954434
0.954434
0.811278
0.954434
0.954434
0.970951
0.881291
0.970951
0.970951
1.000000
0.881291
1.000000
0.881291
0.970951
1.000000
0.970951
0.970951
0.721928
0.764205
0.991076
0.918296
0.918296
0.991076
0.918296
0.918296
1.000000
1.000000
0.918296
0.918296
1.000000
0.918296
0.918296
0.918296
0.650022
1.000000
1.000000
0.979869
0.811278
0.979869
0.811278
0.918296
0.976021
0.773227
0.945660
0.994030
0.994030
0.845351
0.811278
0.979869
0.918296
0.811278
0.918296
0.979869
0.979869
0.918296
0.979869
0.811278
0.970951
0.000000
0.721928
0.970951
0.970951
0.970951
0.970951
0.970951
0.970951
0.954434
0.811278
0.811278
0.954434
0.954434
1.000000
0.954434
0.954434
0.970951
0.970951
1.000000
1.000000
0.881291
0.721928
1.000000
0.881291
0.970951
0.881291
1.000000
0.970951
1.000000
1.000000
0.970951
0.881291
0.970951
1.000000
0.881291
0.970951
0.970951
0.970951
0.881291
0.979869
0.918296
0.918296
0.918296
0.979869
0.979869
0.979869
1.000000
0.970951
0.721928
0.970951
0.970951
0.721928
0.721928
0.970951
0.970951
0.970951
0.970951
0.721928
0.970951
0.970951
0.985228
0.985228
0.985228
0.000000
0.863121
0.985228
0.985228
0.918296
0.979869
1.000000
0.918296
0.979869
0.979869
0.979869
1.000000
0.970951
0.970951
0.996792
0.918296
0.836641
0.996792
0.918296
0.994030
0.945660
0.845351
0.994030
0.994030
0.945660
0.945660
0.945660
0.994030
0.845351
0.994030
0.994030
0.970951
0.970951
0.970951
0.970951
0.721928
0.970951
0.970951
0.979869
1.000000
0.979869
1.000000
0.811278
0.918296
0.811278
0.979869
0.979869
0.970951
0.970951
0.970951
0.721928
0.721928
0.881291
0.970951
0.721928
0.970951
1.000000
0.970951
1.000000
0.970951
0.970951
0.721928
0.721928
0.970951
0.970951
0.881291
0.881291
0.970951
0.881291
0.721928
1.000000
0.890492
0.890492
0.779350
0.890492
0.961237
0.890492
1.000000
0.993447
0.998364
0.811278
0.811278
0.811278
1.000000
1.000000
0.811278
1.000000
0.811278
1.000000
0.940286
0.940286
0.863121
1.000000
0.940286
0.940286
0.863121
0.863121
0.985228
0.863121
0.985228
0.985228
0.985228
0.863121
0.863121
0.985228
0.591673
0.863121
0.863121
0.591673
0.985228
0.991076
1.000000
0.918296
0.964079
0.918296
0.918296
0.991076
0.918296
0.964079
0.964079
0.954434
0.811278
0.954434
0.954434
0.811278
1.000000
0.954434
0.954434
0.918296
0.918296
0.918296
0.918296
0.918296
0.918296
0.000000
0.000000
0.918296
0.000000
0.979869
0.811278
0.979869
0.979869
0.979869
0.979869
1.000000
0.979869
0.979869
0.981941
0.899744
0.899744
0.949452
0.998001
0.981941
0.981941
0.991076
1.000000
0.991076
0.991076
0.991076
0.918296
0.985228
0.985228
0.863121
0.985228
0.985228
0.985228
0.591673
0.985228
0.918296
0.811278
0.918296
0.979869
1.000000
0.970951
0.721928
0.721928
0.970951
0.000000
0.918296
0.811278
1.000000
0.650022
1.000000
0.979869
0.979869
0.979869
0.918296
0.945660
0.845351
0.845351
0.845351
0.845351
0.994030
0.684038
0.994030
0.845351
0.994030
0.994030
0.994030
0.650022
0.918296
0.650022
1.000000
0.650022
0.918296
0.918296
0.985228
0.940286
0.940286
0.985228
1.000000
1.000000
0.749595
0.981941
0.899744
0.949452
0.981941
0.981941
0.998001
0.981941
0.981941
0.970951
0.918296
0.970951
0.996792
0.918296
0.996792
0.970951
1.000000
0.881291
0.970951
0.721928
1.000000
1.000000
0.981941
0.899744
0.998001
0.831474
0.742488
0.966619
1.185616
1.000000
0.966619
0.940286
0.863121
0.966619
1.000000
0.985228
0.940286
1.000000
0.811278
0.918296
0.918296
1.000000
0.979869
1.000000
0.979869
0.721928
0.970951
0.970951
0.721928
0.970951
0.721928
0.721928
0.721928
0.997503
0.977418
0.936667
0.977418
0.997503
0.873981
0.672295
0.873981
0.977418
0.936667
0.936667
0.997503
0.936667
0.997503
0.977418
0.997503
0.977418
0.954434
0.954434
0.543564
0.954434
0.954434
1.000000
0.811278
0.954434
1.000000
0.954434
0.998001
0.949452
0.981941
0.949452
0.831474
0.899744
0.981941
0.981941
0.995727
0.961237
0.995727
0.961237
0.961237
0.890492
0.961237
0.503258
0.991076
0.918296
0.991076
0.991076
0.918296
0.503258
0.918296
0.918296
0.991076
1.000000
0.992774
0.934068
0.970951
0.970951
0.992774
0.992774
0.992774
0.992774
0.881291
0.881291
0.970951
0.991076
0.000000
0.764205
0.764205
0.991076
0.503258
0.918296
0.991076
0.985228
0.985228
0.863121
0.591673
0.985228
0.979869
1.000000
0.979869
0.918296
0.979869
0.918296
0.811278
0.979869
1.000000
0.979869
0.988699
0.896038
0.696212
0.954434
0.896038
0.954434
1.000000
0.954434
1.000000
1.000000
1.000000
0.940286
0.985228
0.985228
0.940286
1.000000
0.749595
0.985228
0.985228
1.000000
0.966619
0.863121
0.985228
0.966619
0.992774
0.881291
0.934068
0.992774
1.000000
0.970951
0.764205
0.991076
0.964079
0.991076
0.852405
0.964079
0.991076
0.991076
0.852405
0.991076
1.000000
0.896038
0.954434
0.954434
1.000000
0.954434
0.988699
1.000000
1.000000
0.954434
0.945660
0.684038
0.994030
0.994030
0.994030
0.994030
0.945660
0.994030
0.985228
0.985228
0.863121
0.985228
0.985228
0.985228
0.863121
0.985228
0.985228
0.985228
0.985228
0.918296
0.991076
0.918296
0.991076
0.991076
0.918296
0.991076
1.000000
0.954434
1.000000
0.954434
1.000000
0.979869
0.979869
0.918296
0.979869
0.918296
1.000000
0.918296
0.996792
0.996792
0.996792
0.970951
0.996792
0.996792
0.996792
0.954434
0.954434
1.000000
0.994985
0.994985
0.000000
0.000000
1.000000
1.000000
1.000000
0.000000
1.000000
1.000000
1.000000
1.000000
0.000000
1.000000
0.000000
0.000000
0.650022
1.000000
1.000000
1.000000
0.918296
0.918296
1.000000
0.650022
0.954434
1.000000
0.811278
0.954434
0.811278
0.954434
0.543564
0.811278
0.954434
0.000000
1.000000
1.000000
1.000000
0.000000
0.000000
0.000000
0.000000
1.000000
1.000000
0.979869
0.979869
0.979869
0.918296
0.985228
0.958712
0.985228
1.221695
0.985228
0.985228
0.998364
1.228576
0.985228
0.997180
0.974489
0.988699
0.974489
1.000000
0.918296
0.852405
1.000000
0.964079
0.991076
0.964079
0.964079
0.918296
0.836641
0.836641
0.996792
1.272906
0.918296
0.970951
0.996792
0.996792
1.000000
0.918296
0.918296
0.918296
0.918296
0.996792
0.918296
0.996792
0.996792
0.970951
0.970951
0.954434
0.954434
0.954434
0.954434
0.954434
0.954434
1.000000
0.811278
0.543564
1.000000
0.811278
0.811278
0.811278
0.954434
0.991076
0.918296
0.991076
0.991076
0.764205
0.991076
0.991076
0.918296
0.918296
0.918296
0.991076
0.764205
0.890492
0.995727
0.890492
0.995727
0.619382
0.961237
0.994985
0.979869
0.994985
0.979869
0.979869
1.000000
0.954434
0.870864
0.954434
0.918296
0.979869
0.918296
0.000000
0.918296
0.918296
0.918296
0.918296
0.970951
0.970951
0.468996
0.881291
0.970951
1.000000
0.721928
0.721928
0.970951
0.970951
0.881291
1.271782
0.954434
0.988699
0.988699
0.954434
0.896038
1.000000
1.000000
0.954434
0.996792
0.987138
1.000000
0.970951
1.000000
1.176680
0.918296
1.000000
0.970951
0.948078
0.970951
0.994030
0.684038
0.845351
0.945660
0.994030
0.684038
0.945660
0.945660
0.945660
0.940286
0.985228
0.985228
0.940286
0.863121
1.000000
0.863121
0.749595
0.995727
0.930586
0.930586
0.982859
0.995727
1.195622
0.991076
0.964079
0.991076
0.650022
0.964079
0.964079
0.964079
1.000000
0.918296
0.964079
0.995727
0.961237
0.779350
0.995727
0.995727
0.995727
0.890492
0.995727
0.961237
0.890492
0.890492
0.945660
1.348588
0.845351
0.439497
0.684038
0.918296
0.918296
0.918296
0.650022
0.918296
1.000000
0.650022
0.918296
0.918296
0.995727
0.961237
0.995727
0.961237
0.995727
0.995727
0.961237
0.890492
0.961237
0.961237
0.995727
0.000000
1.000000
0.811278
0.811278
0.000000
1.000000
0.811278
1.000000
1.000000
0.981941
0.981941
0.899744
0.998001
0.899744
0.831474
0.949452
0.949452
0.949452
0.899744
0.831474
0.997503
0.936667
0.936667
0.997503
0.787127
0.672295
0.873981
0.977418
0.977418
0.998846
0.989588
0.942683
0.998846
0.998846
0.904381
0.942683
0.989588
0.904381
0.845351
0.994030
0.994030
0.945660
0.994030
0.945660
0.945660
0.945660
0.845351
0.845351
0.994030
0.994030
0.994030
0.979869
0.979869
1.000000
0.979869
0.979869
1.000000
0.979869
0.918296
0.918296
0.863121
0.940286
0.940286
0.749595
0.985228
1.000000
0.863121
0.985228
0.940286
0.940286
0.940286
0.940286
1.000000
0.954434
0.896038
0.954434
0.988699
0.896038
0.896038
0.988699
0.954434
0.899744
0.998001
0.998001
0.899744
0.998001
0.831474
0.998001
0.985228
0.863121
0.985228
0.985228
0.863121
0.985228
0.985228
0.985228
0.985228
0.863121
0.000000
1.378783
0.964079
0.991076
1.000000
0.991076
0.998196
1.000000
0.983708
1.132069
1.000000
0.998196
0.998196
0.998196
0.934068
0.934068
0.881291
0.970951
0.721928
0.970951
1.000000
0.970951
0.881291
1.000000
0.948078
1.000000
0.996792
0.918296
0.987138
0.979869
0.979869
0.979869
0.918296
0.823812
0.999249
0.999249
0.999249
0.993234
0.954434
0.994985
1.000000
0.994985
0.918296
1.194174
0.964079
1.000000
0.964079
0.964079
0.991076
0.991076
0.764205
0.991076
0.764205
0.764205
0.991076
0.918296
0.881291
0.992774
0.992774
0.970951
1.219241
1.000000
0.992774
1.141154
0.992774
1.234498
0.992774
0.992774
0.995727
0.995727
0.961237
0.961237
0.961237
0.890492
0.961237
0.890492
0.961237
0.961237
0.995727
0.961237
0.961237
0.985228
0.985228
0.985228
0.940286
1.000000
0.863121
0.985228
0.863121
1.000000
0.999010
0.999010
0.999010
0.999010
0.950956
0.991076
0.950956
0.950956
0.999010
0.991076
0.950956
0.991076
0.991076
0.979869
1.000000
0.979869
0.918296
1.000000
0.918296
1.000000
0.948078
0.918296
0.970951
0.996792
0.948078
0.918296
1.000000
0.948078
0.999338
0.994030
0.945660
0.945660
0.918296
0.945660
0.999338
0.945660
0.918296
0.994030
