0.954434
0.954434
1.000000
0.954434
1.000000
0.543564
0.881291
0.881291
0.881291
1.000000
0.881291
0.468996
0.970951
1.000000
1.000000
0.881291
0.881291
0.000000
0.918296
0.991076
0.991076
0.991076
0.991076
0.503258
0.000000
0.650022
0.918296
1.000000
0.918296
1.000000
1.000000
0.979869
0.650022
1.000000
0.650022
0.650022
1.000000
0.902393
0.945660
0.976021
0.994030
0.994030
0.976021
0.979869
1.000000
0.979869
0.918296
0.811278
0.970951
0.970951
0.721928
0.970951
0.970951
0.721928
0.970951
0.970951
0.811278
0.543564
0.954434
1.000000
1.000000
1.000000
0.721928
0.970951
0.970951
0.881291
0.881291
0.970951
0.970951
0.881291
0.970951
0.881291
0.721928
0.881291
0.970951
0.918296
0.918296
0.918296
0.979869
0.000000
0.970951
0.721928
0.721928
0.970951
0.970951
0.985228
0.985228
0.985228
0.591673
0.591673
0.863121
0.000000
0.591673
1.000000
1.000000
0.918296
0.979869
0.918296
1.325011
1.000000
0.979869
0.918296
0.918296
0.918296
0.979869
0.970951
0.970951
0.918296
0.996792
0.970951
0.970951
0.996792
0.836641
0.994030
0.994030
0.994030
0.945660
0.945660
0.994030
0.721928
0.721928
0.970951
0.970951
0.721928
0.979869
0.918296
0.811278
0.979869
0.811278
1.000000
0.970951
0.721928
0.721928
0.970951
0.721928
0.721928
0.970951
0.721928
1.000000
0.468996
0.881291
0.881291
0.970951
0.970951
1.000000
0.881291
0.721928
0.970951
1.000000
1.000000
1.000000
0.961237
0.890492
0.961237
0.779350
0.995727
0.961237
0.995727
0.890492
0.973668
0.998364
0.973668
0.918296
0.940286
0.998364
0.998364
0.940286
0.993447
0.993447
0.811278
1.000000
0.811278
0.811278
0.811278
0.811278
1.000000
0.811278
0.811278
0.000000
0.940286
0.749595
0.940286
0.863121
1.000000
0.371232
0.940286
0.985228
0.985228
0.863121
0.985228
0.985228
0.863121
0.985228
0.591673
0.964079
0.964079
0.764205
0.991076
0.918296
0.991076
0.964079
0.954434
0.954434
0.811278
0.811278
0.811278
0.543564
0.918296
0.918296
0.000000
0.918296
0.979869
0.918296
0.918296
0.918296
0.918296
0.918296
0.979869
0.918296
0.899744
0.981941
0.831474
0.899744
0.949452
0.981941
0.949452
0.981941
0.981941
0.949452
0.964079
0.650022
0.852405
0.991076
0.852405
1.000000
0.863121
0.985228
0.863121
0.863121
0.863121
0.863121
0.591673
0.863121
0.863121
0.591673
0.863121
0.918296
0.650022
1.000000
1.000000
0.979869
0.918296
0.979869
0.721928
0.721928
0.721928
0.721928
0.970951
0.721928
0.721928
0.721928
0.970951
0.979869
0.918296
0.979869
0.979869
0.979869
0.945660
0.994030
0.845351
0.439497
0.994030
0.945660
0.994030
0.684038
0.994030
0.945660
0.994030
0.994030
0.945660
0.650022
0.918296
1.000000
0.918296
1.000000
1.000000
0.918296
0.650022
0.650022
0.918296
0.863121
0.749595
0.985228
0.749595
1.000000
0.949452
0.949452
0.949452
0.998001
0.981941
0.981941
0.981941
0.970951
0.996792
0.918296
0.996792
1.000000
0.881291
0.721928
0.970951
1.000000
1.000000
1.000000
0.970951
0.881291
0.881291
0.881291
0.721928
1.000000
0.949452
0.998001
0.998001
0.899744
0.831474
0.899744
0.981941
0.742488
0.831474
0.742488
0.998001
0.981941
0.966619
1.000000
0.996317
1.000000
0.966619
0.905928
0.966619
0.940286
0.996317
1.000000
0.811278
0.811278
0.979869
0.918296
0.979869
0.979869
0.918296
0.949452
0.967788
0.981941
0.967788
0.981941
0.998001
0.991992
0.981941
0.967788
0.981941
0.970951
0.721928
0.970951
0.721928
0.721928
0.970951
0.936667
0.936667
0.997503
0.936667
0.997503
0.997503
0.873981
0.873981
0.997503
0.997503
0.977418
1.000000
0.954434
1.000000
0.811278
0.954434
0.954434
0.811278
1.000000
0.954434
0.949452
0.998001
0.998001
0.899744
0.998001
0.899744
0.998001
0.629249
0.995727
0.890492
0.619382
0.779350
0.890492
0.619382
0.991076
0.991076
0.991076
0.764205
0.764205
0.918296
0.918296
0.918296
0.764205
0.918296
0.918296
1.194174
0.852405
1.000000
0.964079
0.934068
0.934068
0.992774
0.881291
0.934068
0.811278
0.721928
0.934068
0.918296
0.503258
0.764205
0.591673
0.985228
0.591673
0.000000
0.985228
0.591673
0.591673
0.918296
0.918296
0.979869
0.650022
0.811278
0.896038
0.896038
0.811278
1.000000
0.896038
0.988699
1.000000
1.000000
0.896038
1.000000
0.940286
0.940286
0.749595
0.985228
0.863121
0.863121
0.966619
0.811278
0.905928
0.996317
0.940286
0.966619
0.749595
0.985228
0.996317
0.811278
0.863121
0.985228
1.107784
0.992774
1.000000
0.811278
0.992774
1.000000
0.992774
1.000000
0.852405
0.964079
0.991076
0.964079
1.000000
0.918296
0.991076
0.918296
0.988699
0.988699
0.954434
0.954434
0.811278
0.945660
0.994030
0.994030
0.945660
0.985228
0.863121
0.991076
0.918296
0.918296
0.918296
0.991076
0.918296
0.918296
0.811278
1.000000
0.954434
0.954434
0.811278
0.811278
0.954434
0.811278
0.918296
0.979869
1.000000
0.979869
1.000000
0.996792
0.721928
0.996792
0.918296
0.996792
0.970951
0.996792
0.918296
0.836641
0.996792
1.000000
0.994985
1.000000
0.918296
0.870864
0.954434
0.954434
0.918296
0.979869
0.954434
0.000000
0.000000
0.000000
1.000000
0.000000
0.000000
1.000000
0.650022
0.650022
0.918296
0.918296
1.000000
0.918296
0.811278
0.954434
0.811278
0.954434
0.811278
0.000000
1.000000
0.000000
0.000000
0.000000
0.979869
0.979869
0.979869
0.918296
0.918296
1.000000
1.000000
1.000000
0.958712
0.998364
0.998364
0.998364
0.985228
0.958712
0.958712
0.958712
0.954434
1.000000
0.954434
0.988699
0.857148
0.954434
1.000000
0.988699
1.000000
0.918296
0.503258
0.918296
0.964079
0.964079
0.852405
0.964079
0.964079
1.000000
0.918296
0.852405
0.991076
1.000000
0.918296
0.996792
0.836641
0.836641
0.996792
0.721928
0.721928
0.996792
0.918296
0.918296
0.979869
0.811278
0.811278
1.000000
0.979869
1.000000
0.918296
0.970951
0.996792
0.970951
0.721928
0.970951
0.721928
0.996792
0.970951
0.970951
0.970951
0.836641
0.954434
1.000000
0.811278
0.954434
0.954434
0.954434
0.918296
0.918296
0.503258
0.918296
0.764205
0.991076
0.764205
0.779350
0.890492
0.995727
0.779350
0.995727
0.995727
0.890492
0.779350
0.779350
0.779350
0.779350
0.779350
0.995727
0.738285
0.870864
0.811278
0.811278
0.979869
0.979869
0.918296
0.994985
0.954434
0.918296
0.000000
0.918296
0.970951
0.881291
0.721928
0.970951
0.970951
0.954434
0.988699
1.000000
0.988699
1.000000
0.954434
0.811278
0.987138
0.948078
0.996792
0.881291
0.996792
0.945660
0.945660
0.994030
0.945660
0.994030
0.845351
0.684038
0.845351
1.000000
0.940286
1.000000
0.863121
0.940286
0.985228
0.985228
0.591673
0.982859
0.995727
1.000000
0.982859
0.779350
0.840359
0.982859
0.991076
0.764205
0.918296
0.852405
0.650022
0.964079
0.619382
0.995727
0.961237
0.890492
0.995727
0.995727
0.961237
0.995727
0.994030
0.994030
0.994030
0.945660
0.945660
0.994030
0.945660
0.650022
0.918296
0.650022
0.650022
0.918296
0.918296
0.000000
0.000000
0.918296
0.918296
0.995727
0.995727
0.961237
0.995727
0.995727
0.779350
1.000000
0.811278
0.811278
1.000000
0.811278
0.998001
0.981941
0.998001
0.831474
0.949452
0.742488
0.899744
0.949452
0.873981
0.873981
0.977418
0.977418
0.873981
0.873981
0.936667
1.158549
0.989588
0.970951
0.989588
1.197478
0.855451
0.945660
0.945660
0.994030
0.845351
0.945660
0.994030
0.994030
0.811278
0.979869
0.811278
0.918296
0.811278
0.918296
0.979869
0.650022
0.918296
0.979869
0.749595
0.985228
0.749595
1.198117
0.591673
0.863121
1.000000
0.896038
0.988699
0.988699
0.896038
0.954434
1.000000
0.954434
0.981941
0.831474
0.949452
0.981941
0.831474
0.899744
0.899744
0.899744
0.998001
0.985228
0.863121
0.985228
0.863121
0.985228
0.985228
0.863121
0.985228
0.863121
0.985228
0.863121
0.863121
0.964079
0.991076
0.964079
0.918296
0.918296
0.964079
0.918296
0.964079
0.852405
0.991076
0.852405
0.918296
0.992774
0.881291
1.000000
0.954434
1.000000
0.983708
0.721928
0.970951
0.970951
0.881291
1.000000
0.721928
0.970951
0.836641
0.996792
0.948078
0.970951
0.881291
0.970951
0.811278
0.811278
0.979869
0.979869
1.000000
0.811278
0.962900
0.999249
0.999249
0.993234
0.993234
0.993234
0.993234
0.993234
0.993234
0.954434
0.979869
0.954434
0.994985
0.994985
0.918296
0.991076
0.918296
0.852405
0.991076
0.918296
0.852405
0.991076
0.991076
0.991076
0.991076
0.991076
0.918296
0.918296
0.991076
0.934068
0.811278
0.970951
0.970951
1.000000
0.881291
0.811278
0.890492
0.890492
0.995727
0.961237
0.779350
0.890492
0.779350
0.890492
0.995727
0.591673
0.940286
0.591673
0.985228
0.985228
0.999010
0.991076
0.991076
0.876716
0.975119
0.999010
0.991076
0.999010
0.876716
0.991076
0.991076
0.991076
0.999010
0.991076
0.991076
0.975119
0.825627
0.876716
0.999010
0.918296
0.650022
1.000000
0.979869
0.948078
0.987138
0.987138
0.994030
0.994030
0.845351
0.967295
0.967295
0.983376
0.999338
0.999338
0.945660
