R Y M K 
-46.991720 -74.622743 -116.069278 -5.545185 
-60.807232 -60.807232 -116.069278 -5.545185 
-102.253766 -19.360697 -116.069278 -5.545185 
-60.807232 -60.807232 -116.069278 -5.545185 
-74.622743 -46.991720 -116.069278 -5.545185 
-88.438255 -33.176209 -116.069278 -5.545185 
-74.622743 -46.991720 -116.069278 -5.545185 
-19.360697 -102.253766 -116.069278 -5.545185 
-60.807232 -60.807232 -116.069278 -5.545185 
-117.455574 -34.562505 -145.086597 -6.931482 
-62.193528 -89.824551 -145.086597 -6.931482 
-76.009040 -76.009040 -145.086597 -6.931482 
-117.455574 -34.562505 -145.086597 -6.931482 
-62.193528 -89.824551 -145.086597 -6.931482 
-103.640063 -48.378016 -145.086597 -6.931482 
-48.378016 -103.640063 -145.086597 -6.931482 
-62.193528 -89.824551 -145.086597 -6.931482 
-61.500380 -75.315891 -130.577938 -6.238334 
-75.315891 -61.500380 -130.577938 -6.238334 
-75.315891 -61.500380 -130.577938 -6.238334 
-75.315891 -61.500380 -130.577938 -6.238334 
-102.946915 -33.869357 -130.577938 -6.238334 
-61.500380 -75.315891 -130.577938 -6.238334 
-89.131403 -47.684868 -130.577938 -6.238334 
-59.420935 -31.789912 -87.051958 -4.158889 
-45.605424 -45.605424 -87.051958 -4.158889 
-59.420935 -31.789912 -87.051958 -4.158889 
-73.236447 -17.974401 -87.051958 -4.158889 
-59.420935 -31.789912 -87.051958 -4.158889 
-45.605424 -45.605424 -87.051958 -4.158889 
-91.210848 -91.210848 -174.103917 -8.317778 
-91.210848 -91.210848 -174.103917 -8.317778 
-105.026359 -77.395336 -174.103917 -8.317778 
-118.841871 -63.579824 -174.103917 -8.317778 
-105.026359 -77.395336 -174.103917 -8.317778 
-105.026359 -77.395336 -174.103917 -8.317778 
-77.395336 -105.026359 -174.103917 -8.317778 
-132.657382 -49.764313 -174.103917 -8.317778 
-91.210848 -91.210848 -174.103917 -8.317778 
-105.026359 -77.395336 -174.103917 -8.317778 
-132.657382 -49.764313 -174.103917 -8.317778 
-63.579824 -118.841871 -174.103917 -8.317778 
-139.588864 -194.850910 -319.190514 -15.249260 
-167.219887 -167.219887 -319.190514 -15.249260 
-194.850910 -139.588864 -319.190514 -15.249260 
-139.588864 -194.850910 -319.190514 -15.249260 
-222.481933 -111.957841 -319.190514 -15.249260 
-167.219887 -167.219887 -319.190514 -15.249260 
-181.035399 -153.404376 -319.190514 -15.249260 
-181.035399 -153.404376 -319.190514 -15.249260 
-125.773352 -208.666422 -319.190514 -15.249260 
-105.026359 -77.395336 -174.103917 -8.317778 
-105.026359 -77.395336 -174.103917 -8.317778 
-105.026359 -77.395336 -174.103917 -8.317778 
-91.210848 -91.210848 -174.103917 -8.317778 
-118.841871 -63.579824 -174.103917 -8.317778 
-91.210848 -91.210848 -174.103917 -8.317778 
-17.281252 -58.727787 -72.543299 -3.465741 
-58.727787 -17.281252 -72.543299 -3.465741 
-17.281252 -58.727787 -72.543299 -3.465741 
-46.991720 -74.622743 -116.069278 -5.545185 
-60.807232 -60.807232 -116.069278 -5.545185 
-102.253766 -19.360697 -116.069278 -5.545185 
-74.622743 -46.991720 -116.069278 -5.545185 
-102.253766 -19.360697 -116.069278 -5.545185 
-88.438255 -33.176209 -116.069278 -5.545185 
-33.176209 -88.438255 -116.069278 -5.545185 
-74.622743 -46.991720 -116.069278 -5.545185 
-60.807232 -60.807232 -116.069278 -5.545185 
-88.438255 -33.176209 -116.069278 -5.545185 
-62.193528 -89.824551 -145.086597 -6.931482 
-76.009040 -76.009040 -145.086597 -6.931482 
-103.640063 -48.378016 -145.086597 -6.931482 
-103.640063 -48.378016 -145.086597 -6.931482 
-89.824551 -62.193528 -145.086597 -6.931482 
-76.009040 -76.009040 -145.086597 -6.931482 
-76.009040 -76.009040 -145.086597 -6.931482 
-62.193528 -89.824551 -145.086597 -6.931482 
-48.378016 -103.640063 -145.086597 -6.931482 
-103.640063 -48.378016 -145.086597 -6.931482 
-89.824551 -62.193528 -145.086597 -6.931482 
-117.455574 -34.562505 -145.086597 -6.931482 
-76.009040 -76.009040 -145.086597 -6.931482 
-76.009040 -76.009040 -145.086597 -6.931482 
-89.824551 -62.193528 -145.086597 -6.931482 
-48.378016 -103.640063 -145.086597 -6.931482 
-105.026359 -77.395336 -174.103917 -8.317778 
-105.026359 -77.395336 -174.103917 -8.317778 
-105.026359 -77.395336 -174.103917 -8.317778 
-77.395336 -105.026359 -174.103917 -8.317778 
-105.026359 -77.395336 -174.103917 -8.317778 
-105.026359 -77.395336 -174.103917 -8.317778 
-118.841871 -63.579824 -174.103917 -8.317778 
-91.210848 -91.210848 -174.103917 -8.317778 
-91.210848 -91.210848 -174.103917 -8.317778 
-91.210848 -91.210848 -174.103917 -8.317778 
-49.764313 -132.657382 -174.103917 -8.317778 
-44.912276 -31.096764 -72.543299 -3.465741 
-58.727787 -17.281252 -72.543299 -3.465741 
-31.096764 -44.912276 -72.543299 -3.465741 
-73.929595 -32.483060 -101.560618 -4.852037 
-73.929595 -32.483060 -101.560618 -4.852037 
-60.114083 -46.298572 -101.560618 -4.852037 
-87.745107 -18.667549 -101.560618 -4.852037 
-60.114083 -46.298572 -101.560618 -4.852037 
-32.483060 -73.929595 -101.560618 -4.852037 
-73.929595 -32.483060 -101.560618 -4.852037 
-105.026359 -77.395336 -174.103917 -8.317778 
-91.210848 -91.210848 -174.103917 -8.317778 
-132.657382 -49.764313 -174.103917 -8.317778 
-105.026359 -77.395336 -174.103917 -8.317778 
-91.210848 -91.210848 -174.103917 -8.317778 
-91.210848 -91.210848 -174.103917 -8.317778 
-134.736827 -93.290292 -217.629896 -10.397223 
-134.736827 -93.290292 -217.629896 -10.397223 
-148.552338 -79.474780 -217.629896 -10.397223 
-120.921315 -107.105804 -217.629896 -10.397223 
-162.367850 -65.659269 -217.629896 -10.397223 
-148.552338 -79.474780 -217.629896 -10.397223 
-134.736827 -93.290292 -217.629896 -10.397223 
-107.105804 -120.921315 -217.629896 -10.397223 
-90.517699 -76.702188 -159.595257 -7.624630 
-49.071165 -118.148722 -159.595257 -7.624630 
-90.517699 -76.702188 -159.595257 -7.624630 
-104.333211 -62.886676 -159.595257 -7.624630 
-90.517699 -76.702188 -159.595257 -7.624630 
-90.517699 -76.702188 -159.595257 -7.624630 
-104.333211 -62.886676 -159.595257 -7.624630 
-31.096764 -44.912276 -72.543299 -3.465741 
-31.096764 -44.912276 -72.543299 -3.465741 
-44.912276 -31.096764 -72.543299 -3.465741 
-58.727787 -17.281252 -72.543299 -3.465741 
-31.096764 -44.912276 -72.543299 -3.465741 
-58.727787 -17.281252 -72.543299 -3.465741 
-58.727787 -17.281252 -72.543299 -3.465741 
-44.912276 -31.096764 -72.543299 -3.465741 
-31.096764 -44.912276 -72.543299 -3.465741 
-63.579824 -118.841871 -174.103917 -8.317778 
-49.764313 -132.657382 -174.103917 -8.317778 
-91.210848 -91.210848 -174.103917 -8.317778 
-91.210848 -91.210848 -174.103917 -8.317778 
-105.026359 -77.395336 -174.103917 -8.317778 
-105.026359 -77.395336 -174.103917 -8.317778 
-105.026359 -77.395336 -174.103917 -8.317778 
-132.657382 -49.764313 -174.103917 -8.317778 
-58.727787 -17.281252 -72.543299 -3.465741 
-58.727787 -17.281252 -72.543299 -3.465741 
-31.096764 -44.912276 -72.543299 -3.465741 
-31.096764 -44.912276 -72.543299 -3.465741 
-31.096764 -44.912276 -72.543299 -3.465741 
-31.096764 -44.912276 -72.543299 -3.465741 
-44.912276 -31.096764 -72.543299 -3.465741 
-44.912276 -31.096764 -72.543299 -3.465741 
-76.009040 -76.009040 -145.086597 -6.931482 
-62.193528 -89.824551 -145.086597 -6.931482 
-62.193528 -89.824551 -145.086597 -6.931482 
-48.378016 -103.640063 -145.086597 -6.931482 
-89.824551 -62.193528 -145.086597 -6.931482 
-48.378016 -103.640063 -145.086597 -6.931482 
-117.455574 -34.562505 -145.086597 -6.931482 
-48.378016 -103.640063 -145.086597 -6.931482 
-103.640063 -48.378016 -145.086597 -6.931482 
-103.640063 -48.378016 -145.086597 -6.931482 
-103.640063 -48.378016 -145.086597 -6.931482 
-117.455574 -34.562505 -145.086597 -6.931482 
-91.903996 -105.719507 -188.612577 -9.010926 
-78.088484 -119.535019 -188.612577 -9.010926 
-78.088484 -119.535019 -188.612577 -9.010926 
-119.535019 -78.088484 -188.612577 -9.010926 
-119.535019 -78.088484 -188.612577 -9.010926 
-105.719507 -91.903996 -188.612577 -9.010926 
-360.684501 -277.791432 -609.363709 -29.112224 
-346.868989 -291.606943 -609.363709 -29.112224 
-291.606943 -346.868989 -609.363709 -29.112224 
-333.053478 -305.422455 -609.363709 -29.112224 
-360.684501 -277.791432 -609.363709 -29.112224 
-305.422455 -333.053478 -609.363709 -29.112224 
-16.588104 -44.219127 -58.034639 -2.772593 
-44.219127 -16.588104 -58.034639 -2.772593 
-30.403616 -30.403616 -58.034639 -2.772593 
-44.219127 -16.588104 -58.034639 -2.772593 
-44.219127 -16.588104 -58.034639 -2.772593 
-44.219127 -16.588104 -58.034639 -2.772593 
-147.859190 -64.966121 -203.121236 -9.704075 
-64.966121 -147.859190 -203.121236 -9.704075 
-78.781632 -134.043679 -203.121236 -9.704075 
-120.228167 -92.597144 -203.121236 -9.704075 
-161.674702 -51.150609 -203.121236 -9.704075 
-134.043679 -78.781632 -203.121236 -9.704075 
-120.228167 -92.597144 -203.121236 -9.704075 
-147.859190 -64.966121 -203.121236 -9.704075 
-120.228167 -92.597144 -203.121236 -9.704075 
-161.674702 -51.150609 -203.121236 -9.704075 
-106.412655 -106.412655 -203.121236 -9.704075 
-161.674702 -51.150609 -203.121236 -9.704075 
-147.859190 -64.966121 -203.121236 -9.704075 
-46.298572 -60.114083 -101.560618 -4.852037 
-73.929595 -32.483060 -101.560618 -4.852037 
-46.298572 -60.114083 -101.560618 -4.852037 
-32.483060 -73.929595 -101.560618 -4.852037 
-60.114083 -46.298572 -101.560618 -4.852037 
-73.929595 -32.483060 -87.745107 -18.667549 
-192.078318 -81.554225 -261.155875 -12.476667 
-95.369737 -178.262806 -261.155875 -12.476667 
-150.631783 -123.000760 -261.155875 -12.476667 
-150.631783 -123.000760 -261.155875 -12.476667 
-164.447294 -109.185248 -261.155875 -12.476667 
-46.991720 -74.622743 -116.069278 -5.545185 
-46.991720 -74.622743 -116.069278 -5.545185 
-33.176209 -88.438255 -116.069278 -5.545185 
-46.991720 -74.622743 -116.069278 -5.545185 
-46.991720 -74.622743 -116.069278 -5.545185 
-60.807232 -60.807232 -116.069278 -5.545185 
-46.991720 -74.622743 -116.069278 -5.545185 
-46.991720 -74.622743 -116.069278 -5.545185 
-29.710468 -15.894956 -43.525979 -2.079445 
-29.710468 -15.894956 -43.525979 -2.079445 
-15.894956 -29.710468 -43.525979 -2.079445 
-15.894956 -29.710468 -43.525979 -2.079445 
-29.710468 -15.894956 -43.525979 -2.079445 
-15.894956 -29.710468 -43.525979 -2.079445 
-15.894956 -29.710468 -43.525979 -2.079445 
-15.894956 -29.710468 -43.525979 -2.079445 
-29.710468 -15.894956 -43.525979 -2.079445 
-29.710468 -15.894956 -43.525979 -2.079445 
-29.710468 -15.894956 -43.525979 -2.079445 
-118.841871 -63.579824 -160.288405 -22.133290 
-63.579824 -118.841871 -174.103917 -8.317778 
-105.026359 -77.395336 -174.103917 -8.317778 
-105.026359 -77.395336 -174.103917 -8.317778 
-151.324931 -137.509419 -275.664535 -13.169815 
-165.140443 -123.693908 -275.664535 -13.169815 
-151.324931 -137.509419 -275.664535 -13.169815 
-123.693908 -165.140443 -275.664535 -13.169815 
-165.140443 -123.693908 -275.664535 -13.169815 
-109.878396 -178.955954 -275.664535 -13.169815 
-96.062885 -192.771466 -275.664535 -13.169815 
-165.140443 -123.693908 -275.664535 -13.169815 
-151.324931 -137.509419 -275.664535 -13.169815 
-136.816271 -136.816271 -261.155875 -12.476667 
-192.078318 -81.554225 -261.155875 -12.476667 
-178.262806 -95.369737 -261.155875 -12.476667 
-164.447294 -109.185248 -261.155875 -12.476667 
-192.078318 -81.554225 -261.155875 -12.476667 
-164.447294 -109.185248 -261.155875 -12.476667 
-164.447294 -109.185248 -261.155875 -12.476667 
-60.114083 -46.298572 -101.560618 -4.852037 
-73.929595 -32.483060 -101.560618 -4.852037 
-60.114083 -46.298572 -101.560618 -4.852037 
-60.114083 -46.298572 -101.560618 -4.852037 
-73.929595 -32.483060 -101.560618 -4.852037 
-18.667549 -87.745107 -101.560618 -4.852037 
-91.210848 -91.210848 -174.103917 -8.317778 
-118.841871 -63.579824 -174.103917 -8.317778 
-105.026359 -77.395336 -174.103917 -8.317778 
-63.579824 -118.841871 -174.103917 -8.317778 
-146.472894 -35.948801 -174.103917 -8.317778 
-105.026359 -77.395336 -174.103917 -8.317778 
-105.026359 -77.395336 -174.103917 -8.317778 
-118.841871 -63.579824 -174.103917 -8.317778 
-58.727787 -17.281252 -72.543299 -3.465741 
-17.281252 -58.727787 -72.543299 -3.465741 
-58.727787 -17.281252 -72.543299 -3.465741 
-44.912276 -31.096764 -72.543299 -3.465741 
-44.912276 -31.096764 -72.543299 -3.465741 
-58.727787 -17.281252 -72.543299 -3.465741 
-31.096764 -44.912276 -72.543299 -3.465741 
-31.096764 -44.912276 -72.543299 -3.465741 
-58.727787 -17.281252 -72.543299 -3.465741 
-17.281252 -58.727787 -72.543299 -3.465741 
-31.096764 -44.912276 -72.543299 -3.465741 
-58.727787 -17.281252 -72.543299 -3.465741 
-118.841871 -63.579824 -174.103917 -8.317778 
-105.026359 -77.395336 -174.103917 -8.317778 
-91.210848 -91.210848 -174.103917 -8.317778 
-118.841871 -63.579824 -174.103917 -8.317778 
-105.026359 -77.395336 -174.103917 -8.317778 
-105.026359 -77.395336 -174.103917 -8.317778 
-91.210848 -91.210848 -174.103917 -8.317778 
-118.841871 -63.579824 -174.103917 -8.317778 
-63.579824 -118.841871 -174.103917 -8.317778 
-90.517699 -76.702188 -159.595257 -7.624630 
-90.517699 -76.702188 -159.595257 -7.624630 
-76.702188 -90.517699 -159.595257 -7.624630 
-31.789912 -59.420935 -87.051958 -4.158889 
-59.420935 -31.789912 -87.051958 -4.158889 
-31.789912 -59.420935 -87.051958 -4.158889 
-59.420935 -31.789912 -87.051958 -4.158889 
-17.974401 -73.236447 -87.051958 -4.158889 
-59.420935 -31.789912 -87.051958 -4.158889 
-45.605424 -45.605424 -87.051958 -4.158889 
-73.236447 -17.974401 -87.051958 -4.158889 
-106.412655 -106.412655 -203.121236 -9.704075 
-120.228167 -92.597144 -203.121236 -9.704075 
-161.674702 -51.150609 -203.121236 -9.704075 
-134.043679 -78.781632 -203.121236 -9.704075 
-92.597144 -120.228167 -203.121236 -9.704075 
-120.228167 -92.597144 -203.121236 -9.704075 
-92.597144 -120.228167 -203.121236 -9.704075 
-206.586977 -82.247373 -275.664535 -13.169815 
-206.586977 -82.247373 -275.664535 -13.169815 
-165.140443 -123.693908 -275.664535 -13.169815 
-151.324931 -137.509419 -275.664535 -13.169815 
-137.509419 -151.324931 -275.664535 -13.169815 
-96.062885 -192.771466 -275.664535 -13.169815 
-107.105804 -120.921315 -217.629896 -10.397223 
-148.552338 -79.474780 -217.629896 -10.397223 
-176.183361 -51.843757 -217.629896 -10.397223 
-120.921315 -107.105804 -217.629896 -10.397223 
-162.367850 -65.659269 -217.629896 -10.397223 
-107.105804 -120.921315 -217.629896 -10.397223 
-34.562505 -117.455574 -145.086597 -6.931482 
-89.824551 -62.193528 -145.086597 -6.931482 
-89.824551 -62.193528 -145.086597 -6.931482 
-76.009040 -76.009040 -145.086597 -6.931482 
-76.009040 -76.009040 -145.086597 -6.931482 
-220.402489 -68.431862 -275.664535 -13.169815 
-165.140443 -123.693908 -275.664535 -13.169815 
-206.586977 -82.247373 -275.664535 -13.169815 
-109.878396 -178.955954 -275.664535 -13.169815 
-165.140443 -123.693908 -275.664535 -13.169815 
-137.509419 -151.324931 -275.664535 -13.169815 
-109.878396 -178.955954 -275.664535 -13.169815 
-240.456334 -185.194288 -406.242473 -19.408149 
-240.456334 -185.194288 -406.242473 -19.408149 
-240.456334 -185.194288 -406.242473 -19.408149 
-118.841871 -63.579824 -174.103917 -8.317778 
-118.841871 -63.579824 -174.103917 -8.317778 
-63.579824 -118.841871 -174.103917 -8.317778 
-91.210848 -91.210848 -174.103917 -8.317778 
-132.657382 -49.764313 -174.103917 -8.317778 
-146.472894 -35.948801 -174.103917 -8.317778 
-91.210848 -91.210848 -174.103917 -8.317778 
-233.572304 -344.096397 -551.329070 -26.339631 
-302.649862 -275.018839 -551.329070 -26.339631 
-316.465374 -261.203327 -551.329070 -26.339631 
-330.280885 -247.387816 -551.329070 -26.339631 
-357.911908 -219.756793 -551.329070 -26.339631 
-247.387816 -330.280885 -551.329070 -26.339631 
-58.727787 -17.281252 -72.543299 -3.465741 
-31.096764 -44.912276 -72.543299 -3.465741 
-44.912276 -31.096764 -72.543299 -3.465741 
-58.727787 -17.281252 -72.543299 -3.465741 
-31.096764 -44.912276 -72.543299 -3.465741 
-44.912276 -31.096764 -72.543299 -3.465741 
-31.096764 -44.912276 -72.543299 -3.465741 
-58.727787 -17.281252 -72.543299 -3.465741 
-44.912276 -31.096764 -72.543299 -3.465741 
-58.727787 -17.281252 -72.543299 -3.465741 
-149.938635 -108.492100 -246.647216 -11.783519 
-191.385169 -67.045565 -246.647216 -11.783519 
-94.676588 -163.754146 -246.647216 -11.783519 
-163.754146 -94.676588 -246.647216 -11.783519 
-149.938635 -108.492100 -246.647216 -11.783519 
-136.123123 -122.307612 -246.647216 -11.783519 
-108.492100 -149.938635 -246.647216 -11.783519 
-163.754146 -94.676588 -246.647216 -11.783519 
-149.938635 -108.492100 -246.647216 -11.783519 
-108.492100 -149.938635 -246.647216 -11.783519 
-149.938635 -108.492100 -246.647216 -11.783519 
-60.807232 -60.807232 -116.069278 -5.545185 
-74.622743 -46.991720 -116.069278 -5.545185 
-88.438255 -33.176209 -116.069278 -5.545185 
-60.807232 -60.807232 -116.069278 -5.545185 
-60.807232 -60.807232 -116.069278 -5.545185 
-137.509419 -151.324931 -275.664535 -13.169815 
-109.878396 -178.955954 -275.664535 -13.169815 
-137.509419 -151.324931 -275.664535 -13.169815 
-192.771466 -96.062885 -275.664535 -13.169815 
-123.693908 -165.140443 -275.664535 -13.169815 
-206.586977 -82.247373 -275.664535 -13.169815 
-64.272973 -133.350530 -188.612577 -9.010926 
-91.903996 -105.719507 -188.612577 -9.010926 
-119.535019 -78.088484 -188.612577 -9.010926 
-119.535019 -78.088484 -188.612577 -9.010926 
-78.088484 -119.535019 -188.612577 -9.010926 
-105.719507 -91.903996 -188.612577 -9.010926 
-147.166042 -50.457461 -188.612577 -9.010926 
-105.719507 -91.903996 -188.612577 -9.010926 
-78.088484 -119.535019 -188.612577 -9.010926 
-105.719507 -91.903996 -188.612577 -9.010926 
-61.500380 -75.315891 -130.577938 -6.238334 
-61.500380 -75.315891 -130.577938 -6.238334 
-75.315891 -61.500380 -130.577938 -6.238334 
-61.500380 -75.315891 -130.577938 -6.238334 
-89.131403 -47.684868 -130.577938 -6.238334 
-75.315891 -61.500380 -130.577938 -6.238334 
-178.262806 -95.369737 -261.155875 -12.476667 
-109.185248 -164.447294 -261.155875 -12.476667 
-138.202568 -165.833591 -290.173195 -13.862964 
-193.464614 -110.571545 -290.173195 -13.862964 
-193.464614 -110.571545 -290.173195 -13.862964 
-124.387056 -179.649102 -290.173195 -13.862964 
-179.649102 -124.387056 -290.173195 -13.862964 
-165.833591 -138.202568 -290.173195 -13.862964 
-193.464614 -110.571545 -290.173195 -13.862964 
-165.833591 -138.202568 -290.173195 -13.862964 
-61.500380 -75.315891 -130.577938 -6.238334 
-33.869357 -102.946915 -130.577938 -6.238334 
-102.946915 -33.869357 -130.577938 -6.238334 
-61.500380 -75.315891 -130.577938 -6.238334 
-102.946915 -33.869357 -130.577938 -6.238334 
-102.946915 -33.869357 -130.577938 -6.238334 
-102.946915 -33.869357 -130.577938 -6.238334 
-47.684868 -89.131403 -130.577938 -6.238334 
-47.684868 -89.131403 -130.577938 -6.238334 
-75.315891 -61.500380 -130.577938 -6.238334 
-61.500380 -75.315891 -130.577938 -6.238334 
-89.131403 -47.684868 -130.577938 -6.238334 
-46.298572 -60.114083 -101.560618 -4.852037 
-60.114083 -46.298572 -101.560618 -4.852037 
-32.483060 -73.929595 -101.560618 -4.852037 
-60.114083 -46.298572 -101.560618 -4.852037 
-60.114083 -46.298572 -101.560618 -4.852037 
-73.929595 -32.483060 -101.560618 -4.852037 
-60.114083 -46.298572 -101.560618 -4.852037 
-87.745107 -18.667549 -101.560618 -4.852037 
-87.745107 -18.667549 -101.560618 -4.852037 
-60.114083 -46.298572 -101.560618 -4.852037 
-32.483060 -73.929595 -101.560618 -4.852037 
-46.298572 -60.114083 -101.560618 -4.852037 
-118.841871 -63.579824 -174.103917 -8.317778 
-118.841871 -63.579824 -174.103917 -8.317778 
-118.841871 -63.579824 -174.103917 -8.317778 
-118.841871 -63.579824 -174.103917 -8.317778 
-118.841871 -63.579824 -174.103917 -8.317778 
-105.026359 -77.395336 -174.103917 -8.317778 
-118.841871 -63.579824 -174.103917 -8.317778 
-77.395336 -105.026359 -174.103917 -8.317778 
-135.429975 -107.798952 -232.138556 -11.090371 
-149.245486 -93.983440 -232.138556 -11.090371 
-149.245486 -93.983440 -232.138556 -11.090371 
-163.060998 -80.167929 -232.138556 -11.090371 
-149.245486 -93.983440 -232.138556 -11.090371 
-120.228167 -92.597144 -203.121236 -9.704075 
-134.043679 -78.781632 -203.121236 -9.704075 
-161.674702 -51.150609 -203.121236 -9.704075 
-106.412655 -106.412655 -203.121236 -9.704075 
-106.412655 -106.412655 -203.121236 -9.704075 
-106.412655 -106.412655 -203.121236 -9.704075 
-106.412655 -106.412655 -203.121236 -9.704075 
-134.043679 -78.781632 -203.121236 -9.704075 
-254.271846 -171.378776 -406.242473 -19.408149 
-226.640822 -199.009799 -406.242473 -19.408149 
-226.640822 -199.009799 -406.242473 -19.408149 
-240.456334 -185.194288 -406.242473 -19.408149 
-171.378776 -254.271846 -406.242473 -19.408149 
-212.825311 -212.825311 -406.242473 -19.408149 
-281.902869 -143.747753 -406.242473 -19.408149 
-185.194288 -240.456334 -406.242473 -19.408149 
-152.018079 -152.018079 -290.173195 -13.862964 
-179.649102 -124.387056 -290.173195 -13.862964 
-124.387056 -179.649102 -290.173195 -13.862964 
-165.833591 -138.202568 -290.173195 -13.862964 
-124.387056 -179.649102 -290.173195 -13.862964 
-165.833591 -138.202568 -290.173195 -13.862964 
-221.095637 -82.940521 -290.173195 -13.862964 
-138.202568 -165.833591 -290.173195 -13.862964 
-152.018079 -152.018079 -290.173195 -13.862964 
-165.833591 -138.202568 -290.173195 -13.862964 
-150.631783 -123.000760 -261.155875 -12.476667 
-164.447294 -109.185248 -261.155875 -12.476667 
-81.554225 -192.078318 -261.155875 -12.476667 
-136.816271 -136.816271 -261.155875 -12.476667 
-192.078318 -81.554225 -261.155875 -12.476667 
-123.000760 -150.631783 -261.155875 -12.476667 
-164.447294 -109.185248 -261.155875 -12.476667 
-149.245486 -93.983440 -232.138556 -11.090371 
-163.060998 -80.167929 -232.138556 -11.090371 
-135.429975 -107.798952 -232.138556 -11.090371 
-163.060998 -80.167929 -232.138556 -11.090371 
-176.876510 -66.352417 -232.138556 -11.090371 
-80.167929 -163.060998 -232.138556 -11.090371 
-135.429975 -107.798952 -232.138556 -11.090371 
-62.886676 -104.333211 -159.595257 -7.624630 
-104.333211 -62.886676 -159.595257 -7.624630 
-104.333211 -62.886676 -159.595257 -7.624630 
-104.333211 -62.886676 -159.595257 -7.624630 
-104.333211 -62.886676 -159.595257 -7.624630 
-104.333211 -62.886676 -159.595257 -7.624630 
-104.333211 -62.886676 -159.595257 -7.624630 
-90.517699 -76.702188 -159.595257 -7.624630 
-46.298572 -60.114083 -101.560618 -4.852037 
-18.667549 -87.745107 -101.560618 -4.852037 
-60.114083 -46.298572 -101.560618 -4.852037 
-60.114083 -46.298572 -101.560618 -4.852037 
-73.929595 -32.483060 -101.560618 -4.852037 
-32.483060 -73.929595 -101.560618 -4.852037 
-46.298572 -60.114083 -101.560618 -4.852037 
-60.114083 -46.298572 -101.560618 -4.852037 
-33.869357 -102.946915 -130.577938 -6.238334 
-75.315891 -61.500380 -130.577938 -6.238334 
-33.869357 -102.946915 -130.577938 -6.238334 
-61.500380 -75.315891 -130.577938 -6.238334 
-33.176209 -88.438255 -116.069278 -5.545185 
-46.991720 -74.622743 -116.069278 -5.545185 
-88.438255 -33.176209 -116.069278 -5.545185 
-60.807232 -60.807232 -116.069278 -5.545185 
-33.176209 -88.438255 -116.069278 -5.545185 
-74.622743 -46.991720 -116.069278 -5.545185 
-46.991720 -74.622743 -116.069278 -5.545185 
-33.176209 -88.438255 -116.069278 -5.545185 
-60.807232 -60.807232 -116.069278 -5.545185 
-60.807232 -60.807232 -116.069278 -5.545185 
-77.395336 -105.026359 -174.103917 -8.317778 
-77.395336 -105.026359 -174.103917 -8.317778 
-91.210848 -91.210848 -174.103917 -8.317778 
-132.657382 -49.764313 -174.103917 -8.317778 
-118.841871 -63.579824 -174.103917 -8.317778 
-91.210848 -91.210848 -174.103917 -8.317778 
-134.736827 -93.290292 -217.629896 -10.397223 
-120.921315 -107.105804 -217.629896 -10.397223 
-120.921315 -107.105804 -217.629896 -10.397223 
-93.290292 -134.736827 -217.629896 -10.397223 
-65.659269 -162.367850 -217.629896 -10.397223 
-134.736827 -93.290292 -203.814385 -24.212734 
-120.921315 -107.105804 -217.629896 -10.397223 
-223.868230 -140.975160 -348.207834 -16.635556 
-251.499253 -113.344137 -348.207834 -16.635556 
-182.421695 -182.421695 -348.207834 -16.635556 
-223.868230 -140.975160 -348.207834 -16.635556 
-182.421695 -182.421695 -348.207834 -16.635556 
-196.237207 -168.606183 -348.207834 -16.635556 
-223.868230 -140.975160 -348.207834 -16.635556 
-15.201808 -15.201808 -29.017319 -1.386296 
-15.201808 -15.201808 -29.017319 -1.386296 
-15.201808 -15.201808 -29.017319 -1.386296 
-17.974401 -73.236447 -87.051958 -4.158889 
-31.789912 -59.420935 -87.051958 -4.158889 
-45.605424 -45.605424 -87.051958 -4.158889 
-45.605424 -45.605424 -87.051958 -4.158889 
-45.605424 -45.605424 -87.051958 -4.158889 
-59.420935 -31.789912 -87.051958 -4.158889 
-45.605424 -45.605424 -87.051958 -4.158889 
-45.605424 -45.605424 -87.051958 -4.158889 
-59.420935 -31.789912 -87.051958 -4.158889 
-74.622743 -46.991720 -116.069278 -5.545185 
-74.622743 -46.991720 -116.069278 -5.545185 
-33.176209 -88.438255 -116.069278 -5.545185 
-88.438255 -33.176209 -116.069278 -5.545185 
-102.253766 -19.360697 -116.069278 -5.545185 
-88.438255 -33.176209 -116.069278 -5.545185 
-60.807232 -60.807232 -116.069278 -5.545185 
-46.991720 -74.622743 -116.069278 -5.545185 
-15.201808 -15.201808 -29.017319 -1.386296 
-15.201808 -15.201808 -29.017319 -1.386296 
-15.201808 -15.201808 -29.017319 -1.386296 
-105.026359 -77.395336 -174.103917 -8.317778 
-118.841871 -63.579824 -174.103917 -8.317778 
-105.026359 -77.395336 -174.103917 -8.317778 
-91.210848 -91.210848 -174.103917 -8.317778 
-180.342250 -138.895716 -304.681855 -14.556112 
-138.895716 -180.342250 -304.681855 -14.556112 
-194.157762 -125.080204 -304.681855 -14.556112 
-194.157762 -125.080204 -304.681855 -14.556112 
-166.526739 -152.711227 -304.681855 -14.556112 
-180.342250 -138.895716 -304.681855 -14.556112 
-257.044438 -229.413415 -464.277112 -22.180742 
-312.306484 -174.151369 -464.277112 -22.180742 
-243.228927 -243.228927 -464.277112 -22.180742 
-109.185248 -164.447294 -261.155875 -12.476667 
-136.816271 -136.816271 -261.155875 -12.476667 
-164.447294 -109.185248 -261.155875 -12.476667 
-192.078318 -81.554225 -261.155875 -12.476667 
-150.631783 -123.000760 -261.155875 -12.476667 
-164.447294 -109.185248 -261.155875 -12.476667 
-79.474780 -148.552338 -217.629896 -10.397223 
-107.105804 -120.921315 -217.629896 -10.397223 
-176.183361 -51.843757 -217.629896 -10.397223 
-134.736827 -93.290292 -217.629896 -10.397223 
-134.736827 -93.290292 -217.629896 -10.397223 
-120.921315 -107.105804 -217.629896 -10.397223 
-120.921315 -107.105804 -217.629896 -10.397223 
-148.552338 -79.474780 -217.629896 -10.397223 
-134.736827 -93.290292 -217.629896 -10.397223 
-105.026359 -77.395336 -174.103917 -8.317778 
-91.210848 -91.210848 -174.103917 -8.317778 
-77.395336 -105.026359 -174.103917 -8.317778 
-91.210848 -91.210848 -174.103917 -8.317778 
-93.290292 -134.736827 -217.629896 -10.397223 
-176.183361 -51.843757 -217.629896 -10.397223 
-120.921315 -107.105804 -217.629896 -10.397223 
-79.474780 -148.552338 -217.629896 -10.397223 
-107.105804 -120.921315 -217.629896 -10.397223 
-120.921315 -107.105804 -217.629896 -10.397223 
-33.176209 -88.438255 -116.069278 -5.545185 
-88.438255 -33.176209 -116.069278 -5.545185 
-74.622743 -46.991720 -116.069278 -5.545185 
-74.622743 -46.991720 -116.069278 -5.545185 
-74.622743 -46.991720 -116.069278 -5.545185 
-89.131403 -47.684868 -130.577938 -6.238334 
-61.500380 -75.315891 -130.577938 -6.238334 
-102.946915 -33.869357 -130.577938 -6.238334 
-75.315891 -61.500380 -130.577938 -6.238334 
-47.684868 -89.131403 -130.577938 -6.238334 
-61.500380 -75.315891 -130.577938 -6.238334 
-133.350530 -64.272973 -174.797065 -22.826438 
-119.535019 -78.088484 -188.612577 -9.010926 
-105.719507 -91.903996 -188.612577 -9.010926 
-64.272973 -133.350530 -188.612577 -9.010926 
-119.535019 -78.088484 -188.612577 -9.010926 
-78.088484 -119.535019 -188.612577 -9.010926 
-133.350530 -64.272973 -188.612577 -9.010926 
-133.350530 -64.272973 -188.612577 -9.010926 
-119.535019 -78.088484 -188.612577 -9.010926 
-168.606183 -196.237207 -348.207834 -16.635556 
-168.606183 -196.237207 -348.207834 -16.635556 
-223.868230 -140.975160 -348.207834 -16.635556 
-237.683741 -127.159649 -348.207834 -16.635556 
-168.606183 -196.237207 -348.207834 -16.635556 
-182.421695 -182.421695 -348.207834 -16.635556 
-196.237207 -168.606183 -348.207834 -16.635556 
-154.790672 -210.052718 -348.207834 -16.635556 
-29.710468 -15.894956 -43.525979 -2.079445 
-29.710468 -15.894956 -43.525979 -2.079445 
-29.710468 -15.894956 -43.525979 -2.079445 
-29.710468 -15.894956 -43.525979 -2.079445 
-29.710468 -15.894956 -43.525979 -2.079445 
-15.894956 -29.710468 -43.525979 -2.079445 
-29.710468 -15.894956 -43.525979 -2.079445 
-29.710468 -15.894956 -43.525979 -2.079445 
-62.193528 -89.824551 -145.086597 -6.931482 
-62.193528 -89.824551 -145.086597 -6.931482 
-103.640063 -48.378016 -145.086597 -6.931482 
-76.009040 -76.009040 -145.086597 -6.931482 
-89.824551 -62.193528 -145.086597 -6.931482 
-48.378016 -103.640063 -145.086597 -6.931482 
-62.193528 -89.824551 -145.086597 -6.931482 
-89.824551 -62.193528 -145.086597 -6.931482 
-103.640063 -48.378016 -145.086597 -6.931482 
-135.429975 -107.798952 -232.138556 -11.090371 
-121.614463 -121.614463 -232.138556 -11.090371 
-176.876510 -66.352417 -232.138556 -11.090371 
-149.245486 -93.983440 -232.138556 -11.090371 
-107.798952 -135.429975 -232.138556 -11.090371 
-135.429975 -107.798952 -232.138556 -11.090371 
-121.614463 -121.614463 -232.138556 -11.090371 
-135.429975 -107.798952 -232.138556 -11.090371 
-214.211607 -241.842630 -435.259792 -20.794445 
-255.658142 -200.396096 -435.259792 -20.794445 
-131.318538 -324.735700 -435.259792 -20.794445 
-200.396096 -255.658142 -435.259792 -20.794445 
-241.842630 -214.211607 -435.259792 -20.794445 
-90.517699 -76.702188 -159.595257 -7.624630 
-49.071165 -118.148722 -159.595257 -7.624630 
-76.702188 -90.517699 -159.595257 -7.624630 
-76.702188 -90.517699 -159.595257 -7.624630 
-62.886676 -104.333211 -159.595257 -7.624630 
-64.966121 -147.859190 -203.121236 -9.704075 
-147.859190 -64.966121 -203.121236 -9.704075 
-106.412655 -106.412655 -203.121236 -9.704075 
-51.150609 -161.674702 -203.121236 -9.704075 
-92.597144 -120.228167 -203.121236 -9.704075 
-120.228167 -92.597144 -203.121236 -9.704075 
-120.228167 -92.597144 -203.121236 -9.704075 
-197.623503 -197.623503 -377.225153 -18.021853 
-183.807991 -211.439015 -377.225153 -18.021853 
-225.254526 -169.992480 -377.225153 -18.021853 
-197.623503 -197.623503 -377.225153 -18.021853 
-252.885549 -142.361457 -377.225153 -18.021853 
-142.361457 -252.885549 -377.225153 -18.021853 
-164.447294 -109.185248 -261.155875 -12.476667 
-205.893829 -67.738713 -261.155875 -12.476667 
-109.185248 -164.447294 -261.155875 -12.476667 
-164.447294 -109.185248 -261.155875 -12.476667 
-233.524852 -40.107690 -261.155875 -12.476667 
-95.369737 -178.262806 -261.155875 -12.476667 
-64.272973 -133.350530 -188.612577 -9.010926 
-119.535019 -78.088484 -188.612577 -9.010926 
-91.903996 -105.719507 -188.612577 -9.010926 
-119.535019 -78.088484 -188.612577 -9.010926 
-105.719507 -91.903996 -188.612577 -9.010926 
-105.719507 -91.903996 -188.612577 -9.010926 
-90.517699 -76.702188 -159.595257 -7.624630 
-62.886676 -104.333211 -159.595257 -7.624630 
-62.886676 -104.333211 -159.595257 -7.624630 
-90.517699 -76.702188 -159.595257 -7.624630 
-104.333211 -62.886676 -159.595257 -7.624630 
-118.148722 -49.071165 -159.595257 -7.624630 
-59.420935 -31.789912 -87.051958 -4.158889 
-17.974401 -73.236447 -87.051958 -4.158889 
-45.605424 -45.605424 -87.051958 -4.158889 
-45.605424 -45.605424 -87.051958 -4.158889 
-31.789912 -59.420935 -87.051958 -4.158889 
-45.605424 -45.605424 -87.051958 -4.158889 
-45.605424 -45.605424 -87.051958 -4.158889 
-45.605424 -45.605424 -87.051958 -4.158889 
-78.088484 -119.535019 -188.612577 -9.010926 
-133.350530 -64.272973 -188.612577 -9.010926 
-119.535019 -78.088484 -188.612577 -9.010926 
-91.903996 -105.719507 -188.612577 -9.010926 
-91.903996 -105.719507 -188.612577 -9.010926 
-44.219127 -16.588104 -58.034639 -2.772593 
-30.403616 -30.403616 -58.034639 -2.772593 
-44.219127 -16.588104 -58.034639 -2.772593 
-44.219127 -16.588104 -58.034639 -2.772593 
-44.219127 -16.588104 -58.034639 -2.772593 
-30.403616 -30.403616 -58.034639 -2.772593 
-165.140443 -123.693908 -275.664535 -13.169815 
-165.140443 -123.693908 -275.664535 -13.169815 
-94.676588 -163.754146 -246.647216 -11.783519 
-149.938635 -108.492100 -246.647216 -11.783519 
-149.938635 -108.492100 -246.647216 -11.783519 
-177.569658 -80.861077 -246.647216 -11.783519 
-177.569658 -80.861077 -246.647216 -11.783519 
-136.123123 -122.307612 -246.647216 -11.783519 
-136.123123 -122.307612 -246.647216 -11.783519 
-141.668309 -238.376889 -362.716493 -17.328705 
-224.561378 -155.483820 -362.716493 -17.328705 
-224.561378 -155.483820 -362.716493 -17.328705 
-224.561378 -155.483820 -362.716493 -17.328705 
-224.561378 -155.483820 -362.716493 -17.328705 
-252.192401 -127.852797 -362.716493 -17.328705 
-169.299332 -210.745866 -362.716493 -17.328705 
-210.745866 -169.299332 -362.716493 -17.328705 
-238.376889 -141.668309 -362.716493 -17.328705 
-141.668309 -238.376889 -362.716493 -17.328705 
-76.702188 -90.517699 -159.595257 -7.624630 
-76.702188 -90.517699 -159.595257 -7.624630 
-118.148722 -49.071165 -159.595257 -7.624630 
-104.333211 -62.886676 -159.595257 -7.624630 
-76.702188 -90.517699 -159.595257 -7.624630 
-146.472894 -35.948801 -174.103917 -8.317778 
-118.841871 -63.579824 -174.103917 -8.317778 
-77.395336 -105.026359 -174.103917 -8.317778 
-91.210848 -91.210848 -174.103917 -8.317778 
-77.395336 -105.026359 -174.103917 -8.317778 
-118.841871 -63.579824 -174.103917 -8.317778 
-120.228167 -92.597144 -203.121236 -9.704075 
-120.228167 -92.597144 -203.121236 -9.704075 
-78.781632 -134.043679 -203.121236 -9.704075 
-106.412655 -106.412655 -203.121236 -9.704075 
-64.966121 -147.859190 -203.121236 -9.704075 
-78.781632 -134.043679 -203.121236 -9.704075 
-134.043679 -78.781632 -203.121236 -9.704075 
-120.228167 -92.597144 -203.121236 -9.704075 
-120.228167 -92.597144 -203.121236 -9.704075 
-147.859190 -64.966121 -203.121236 -9.704075 
-106.412655 -106.412655 -203.121236 -9.704075 
-149.245486 -93.983440 -232.138556 -11.090371 
-121.614463 -121.614463 -232.138556 -11.090371 
-107.798952 -135.429975 -232.138556 -11.090371 
-93.983440 -149.245486 -232.138556 -11.090371 
-121.614463 -121.614463 -232.138556 -11.090371 
-121.614463 -121.614463 -232.138556 -11.090371 
-135.429975 -107.798952 -232.138556 -11.090371 
-151.324931 -137.509419 -275.664535 -13.169815 
-178.955954 -109.878396 -275.664535 -13.169815 
-82.247373 -206.586977 -275.664535 -13.169815 
-178.955954 -109.878396 -275.664535 -13.169815 
-151.324931 -137.509419 -275.664535 -13.169815 
-96.062885 -192.771466 -275.664535 -13.169815 
-137.509419 -151.324931 -275.664535 -13.169815 
-178.955954 -109.878396 -275.664535 -13.169815 
-178.955954 -109.878396 -275.664535 -13.169815 
-192.771466 -96.062885 -275.664535 -13.169815 
-109.878396 -178.955954 -275.664535 -13.169815 
-137.509419 -151.324931 -275.664535 -13.169815 
-46.298572 -60.114083 -101.560618 -4.852037 
-87.745107 -18.667549 -101.560618 -4.852037 
-87.745107 -18.667549 -101.560618 -4.852037 
-60.114083 -46.298572 -101.560618 -4.852037 
-60.114083 -46.298572 -101.560618 -4.852037 
-46.298572 -60.114083 -101.560618 -4.852037 
-46.298572 -60.114083 -101.560618 -4.852037 
-73.929595 -32.483060 -101.560618 -4.852037 
-178.262806 -95.369737 -261.155875 -12.476667 
-192.078318 -81.554225 -261.155875 -12.476667 
-178.262806 -95.369737 -261.155875 -12.476667 
-136.816271 -136.816271 -261.155875 -12.476667 
-150.631783 -123.000760 -261.155875 -12.476667 
-164.447294 -109.185248 -261.155875 -12.476667 
-192.078318 -81.554225 -261.155875 -12.476667 
-164.447294 -109.185248 -261.155875 -12.476667 
-150.631783 -123.000760 -261.155875 -12.476667 
-123.000760 -150.631783 -261.155875 -12.476667 
-123.000760 -150.631783 -261.155875 -12.476667 
-95.369737 -178.262806 -261.155875 -12.476667 
-304.036158 -304.036158 -580.346390 -27.725927 
-331.667181 -276.405135 -580.346390 -27.725927 
-331.667181 -276.405135 -580.346390 -27.725927 
-317.851670 -290.220647 -580.346390 -27.725927 
-103.640063 -48.378016 -145.086597 -6.931482 
-48.378016 -103.640063 -145.086597 -6.931482 
-89.824551 -62.193528 -145.086597 -6.931482 
-89.824551 -62.193528 -145.086597 -6.931482 
-62.193528 -89.824551 -145.086597 -6.931482 
-48.378016 -103.640063 -145.086597 -6.931482 
-76.009040 -76.009040 -145.086597 -6.931482 
-117.455574 -34.562505 -145.086597 -6.931482 
-297.104677 -158.949561 -435.259792 -20.794445 
-241.842630 -214.211607 -435.259792 -20.794445 
-310.920188 -145.134049 -435.259792 -20.794445 
-255.658142 -200.396096 -435.259792 -20.794445 
-297.104677 -158.949561 -435.259792 -20.794445 
-283.289165 -172.765073 -435.259792 -20.794445 
-255.658142 -200.396096 -435.259792 -20.794445 
-283.289165 -172.765073 -435.259792 -20.794445 
-105.026359 -77.395336 -174.103917 -8.317778 
-77.395336 -105.026359 -174.103917 -8.317778 
-132.657382 -49.764313 -174.103917 -8.317778 
-146.472894 -35.948801 -174.103917 -8.317778 
-63.579824 -118.841871 -174.103917 -8.317778 
-91.210848 -91.210848 -174.103917 -8.317778 
-105.026359 -77.395336 -174.103917 -8.317778 
-77.395336 -105.026359 -174.103917 -8.317778 
-91.210848 -91.210848 -174.103917 -8.317778 
-49.764313 -132.657382 -174.103917 -8.317778 
-63.579824 -118.841871 -174.103917 -8.317778 
-105.026359 -77.395336 -174.103917 -8.317778 
-228.720267 -242.535779 -449.768452 -21.487594 
-311.613336 -159.642709 -449.768452 -21.487594 
-270.166802 -201.089244 -449.768452 -21.487594 
-270.166802 -201.089244 -449.768452 -21.487594 
-242.535779 -228.720267 -449.768452 -21.487594 
-228.720267 -242.535779 -449.768452 -21.487594 
-283.982313 -187.273732 -449.768452 -21.487594 
-242.535779 -228.720267 -449.768452 -21.487594 
-242.535779 -228.720267 -449.768452 -21.487594 
-223.868230 -140.975160 -348.207834 -16.635556 
-168.606183 -196.237207 -348.207834 -16.635556 
-223.868230 -140.975160 -348.207834 -16.635556 
-223.868230 -140.975160 -348.207834 -16.635556 
-196.237207 -168.606183 -348.207834 -16.635556 
-196.237207 -168.606183 -348.207834 -16.635556 
-182.421695 -182.421695 -348.207834 -16.635556 
-182.421695 -182.421695 -348.207834 -16.635556 
-182.421695 -182.421695 -348.207834 -16.635556 
-168.606183 -196.237207 -348.207834 -16.635556 
-237.683741 -127.159649 -348.207834 -16.635556 
-178.262806 -95.369737 -261.155875 -12.476667 
-150.631783 -123.000760 -261.155875 -12.476667 
-109.185248 -164.447294 -261.155875 -12.476667 
-81.554225 -192.078318 -261.155875 -12.476667 
-150.631783 -123.000760 -261.155875 -12.476667 
-102.946915 -33.869357 -130.577938 -6.238334 
-75.315891 -61.500380 -130.577938 -6.238334 
-61.500380 -75.315891 -130.577938 -6.238334 
-75.315891 -61.500380 -130.577938 -6.238334 
-102.946915 -33.869357 -130.577938 -6.238334 
-47.684868 -89.131403 -130.577938 -6.238334 
-47.684868 -89.131403 -130.577938 -6.238334 
-75.315891 -61.500380 -130.577938 -6.238334 
-179.649102 -124.387056 -290.173195 -13.862964 
-165.833591 -138.202568 -290.173195 -13.862964 
-91.903996 -105.719507 -188.612577 -9.010926 
-105.719507 -91.903996 -188.612577 -9.010926 
-147.166042 -50.457461 -188.612577 -9.010926 
-133.350530 -64.272973 -188.612577 -9.010926 
-78.088484 -119.535019 -174.797065 -22.826438 
-119.535019 -78.088484 -188.612577 -9.010926 
-105.719507 -91.903996 -188.612577 -9.010926 
-78.781632 -134.043679 -203.121236 -9.704075 
-51.150609 -161.674702 -203.121236 -9.704075 
-161.674702 -51.150609 -203.121236 -9.704075 
-106.412655 -106.412655 -203.121236 -9.704075 
-120.228167 -92.597144 -203.121236 -9.704075 
-106.412655 -106.412655 -203.121236 -9.704075 
-120.228167 -92.597144 -203.121236 -9.704075 
-78.781632 -134.043679 -203.121236 -9.704075 
-225.947674 -184.501140 -391.733813 -18.715001 
-184.501140 -225.947674 -391.733813 -18.715001 
-253.578697 -156.870116 -391.733813 -18.715001 
-225.947674 -184.501140 -391.733813 -18.715001 
-170.685628 -239.763186 -391.733813 -18.715001 
-267.394209 -143.054605 -391.733813 -18.715001 
-267.394209 -143.054605 -391.733813 -18.715001 
-253.578697 -156.870116 -391.733813 -18.715001 
-212.132163 -198.316651 -391.733813 -18.715001 
-105.026359 -77.395336 -174.103917 -8.317778 
-118.841871 -63.579824 -174.103917 -8.317778 
-118.841871 -63.579824 -174.103917 -8.317778 
-63.579824 -118.841871 -160.288405 -22.133290 
-91.210848 -91.210848 -174.103917 -8.317778 
-105.026359 -77.395336 -174.103917 -8.317778 
-146.472894 -35.948801 -174.103917 -8.317778 
-105.026359 -77.395336 -174.103917 -8.317778 
-91.210848 -91.210848 -174.103917 -8.317778 
-228.027119 -228.027119 -435.259792 -20.794445 
-241.842630 -214.211607 -435.259792 -20.794445 
-283.289165 -172.765073 -435.259792 -20.794445 
-214.211607 -241.842630 -435.259792 -20.794445 
-241.842630 -214.211607 -435.259792 -20.794445 
-299.184121 -202.475540 -478.785771 -22.873890 
-285.368610 -216.291052 -478.785771 -22.873890 
-243.922075 -257.737586 -478.785771 -22.873890 
-257.737586 -243.922075 -478.785771 -22.873890 
-299.184121 -202.475540 -478.785771 -22.873890 
-161.029006 -340.630656 -478.785771 -22.873890 
-271.553098 -230.106563 -478.785771 -22.873890 
